X,Y
5.0,-0.03515625
5.015625,-0.03515625
5.03125,-0.03125
5.046875,-0.0078125
5.0625,0.0859375
5.078125,-0.33984375
5.09375,0.3125
5.109375,-0.01171875
5.125,-0.01953125
5.140625,-0.015625
5.15625,-0.03125
5.171875,-0.03125
5.1875,-0.0234375
5.203125,-0.02734375
5.21875,-0.03125
5.234375,-0.03125
5.25,-0.0390625
5.265625,-0.0390625
5.28125,-0.0546875
5.296875,-0.0546875
5.3125,-0.0625
5.328125,-0.0625
5.34375,-0.06640625
5.359375,-0.06640625
5.375,-0.05859375
5.390625,-0.05078125
5.40625,-0.04296875
5.421875,-0.03125
5.4375,-0.015625
5.453125,-0.01953125
5.46875,-0.01171875
5.484375,-0.01171875
5.5,-0.01171875
5.515625,-0.02734375
5.53125,-0.03515625
5.546875,-0.0390625
5.5625,-0.05078125
5.578125,-0.0546875
5.59375,-0.05859375
5.609375,-0.05859375
5.625,-0.05859375
5.640625,-0.05859375
5.65625,-0.0625
5.671875,-0.0546875
5.6875,-0.05859375
5.703125,-0.0546875
5.71875,-0.0546875
5.734375,-0.0546875
5.75,-0.05078125
5.765625,-0.04296875
5.78125,-0.0390625
5.796875,-0.03125
5.8125,-0.01953125
5.828125,-0.0234375
5.84375,-0.015625
5.859375,-0.01171875
5.875,-0.01171875
5.890625,-0.01171875
5.90625,-0.015625
5.921875,-0.0234375
5.9375,-0.03125
5.953125,-0.03125
5.96875,-0.0390625
5.984375,-0.05078125
6.0,-0.04296875
6.015625,-0.04296875
6.03125,-0.0390625
6.046875,-0.04296875
6.0625,-0.04296875
6.078125,-0.03515625
6.09375,-0.0390625
6.109375,-0.04296875
6.125,-0.04296875
6.140625,-0.05078125
6.15625,-0.05078125
6.171875,-0.0390625
6.1875,-0.046875
6.203125,-0.04296875
6.21875,-0.04296875
6.234375,-0.046875
6.25,-0.0390625
6.265625,-0.0390625
6.28125,-0.04296875
6.296875,-0.0390625
6.3125,-0.0390625
6.328125,-0.03125
6.34375,-0.0234375
6.359375,-0.02734375
6.375,-0.01953125
6.390625,-0.015625
6.40625,-0.01953125
6.421875,-0.0234375
6.4375,-0.03125
6.453125,-0.03515625
6.46875,-0.0390625
6.484375,-0.05078125
6.5,-0.0546875
6.515625,-0.05859375
6.53125,-0.06640625
6.546875,-0.0703125
6.5625,-0.0703125
6.578125,-0.0703125
6.59375,-0.06640625
6.609375,-0.0625
6.625,-0.05859375
6.640625,-0.05078125
6.65625,-0.0390625
6.671875,-0.02734375
6.6875,-0.01953125
6.703125,-0.015625
6.71875,-0.00390625
6.734375,0.0078125
6.75,0.0078125
6.765625,0.0078125
6.78125,0.0078125
6.796875,0.0
6.8125,-0.00390625
6.828125,-0.00390625
6.84375,-0.0234375
6.859375,-0.0234375
6.875,-0.0390625
6.890625,-0.04296875
6.90625,-0.0546875
6.921875,-0.0546875
6.9375,-0.0703125
6.953125,-0.06640625
6.96875,-0.06640625
6.984375,-0.05859375
7.0,-0.05078125
7.015625,-0.046875
7.03125,-0.03515625
7.046875,-0.03515625
7.0625,-0.03125
7.078125,-0.03515625
7.09375,-0.02734375
7.109375,-0.03515625
7.125,-0.0390625
7.140625,-0.0390625
7.15625,-0.05078125
7.171875,-0.05078125
7.1875,-0.0625
7.203125,-0.05859375
7.21875,-0.06640625
7.234375,-0.05859375
7.25,-0.0625
7.265625,-0.05859375
7.28125,-0.04296875
7.296875,-0.03515625
7.3125,-0.02734375
7.328125,-0.0078125
7.34375,0.0078125
7.359375,0.01953125
7.375,0.0390625
7.390625,0.046875
7.40625,0.05078125
7.421875,0.05859375
7.4375,0.0546875
7.453125,0.04296875
7.46875,0.03125
7.484375,0.01171875
7.5,-0.00390625
7.515625,-0.0078125
7.53125,-0.01953125
7.546875,-0.0234375
7.5625,-0.01953125
7.578125,-0.0078125
7.59375,-0.0078125
7.609375,0.0
7.625,0.00390625
7.640625,0.0
7.65625,0.0
7.671875,-0.0078125
7.6875,-0.0078125
7.703125,-0.0234375
7.71875,-0.0234375
7.734375,-0.0234375
7.75,-0.03515625
7.765625,-0.03515625
7.78125,-0.04296875
7.796875,-0.0546875
7.8125,-0.06640625
7.828125,-0.0703125
7.84375,-0.078125
7.859375,-0.0859375
7.875,-0.078125
7.890625,-0.06640625
7.90625,-0.0546875
7.921875,-0.02734375
7.9375,0.00390625
7.953125,0.03515625
7.96875,0.05078125
7.984375,0.078125
8.0,0.0859375
8.015625,0.0859375
8.03125,0.0859375
8.046875,0.06640625
8.0625,0.05078125
8.078125,0.03515625
8.09375,0.0078125
8.109375,-0.015625
8.125,-0.02734375
8.140625,-0.0390625
8.15625,-0.0390625
8.171875,-0.0390625
8.1875,-0.02734375
8.203125,-0.00390625
8.21875,0.015625
8.234375,0.0390625
8.25,0.046875
8.265625,0.0703125
8.28125,0.0703125
8.296875,0.078125
8.3125,0.07421875
8.328125,0.05859375
8.34375,0.04296875
8.359375,0.0234375
8.375,0.0
8.390625,-0.02734375
8.40625,-0.0546875
8.421875,-0.078125
8.4375,-0.09765625
8.453125,-0.10546875
8.46875,-0.12109375
8.484375,-0.11328125
8.5,-0.1015625
8.515625,-0.09765625
8.53125,-0.08203125
8.546875,-0.06640625
8.5625,-0.04296875
8.578125,-0.01953125
8.59375,-0.0078125
8.609375,0.0078125
8.625,0.01171875
8.640625,0.01953125
8.65625,0.01953125
8.671875,0.01953125
8.6875,0.01953125
8.703125,0.01171875
8.71875,0.01953125
8.734375,0.01171875
8.75,0.01171875
8.765625,0.0234375
8.78125,0.01953125
8.796875,0.02734375
8.8125,0.02734375
8.828125,0.04296875
8.84375,0.04296875
8.859375,0.0625
8.875,0.0703125
8.890625,0.09375
8.90625,0.1015625
8.921875,0.1015625
8.9375,0.109375
8.953125,0.109375
8.96875,0.09375
8.984375,0.0859375
9.0,0.05859375
9.015625,0.03515625
9.03125,0.0078125
9.046875,-0.02734375
9.0625,-0.05078125
9.078125,-0.07421875
9.09375,-0.0859375
9.109375,-0.1015625
9.125,-0.09765625
9.140625,-0.09375
9.15625,-0.08984375
9.171875,-0.07421875
9.1875,-0.0703125
9.203125,-0.0546875
9.21875,-0.046875
9.234375,-0.03515625
9.25,-0.0234375
9.265625,-0.0234375
9.28125,-0.01171875
9.296875,0.0078125
9.3125,0.01171875
9.328125,0.01953125
9.34375,0.02734375
9.359375,0.0390625
9.375,0.03515625
9.390625,0.03515625
9.40625,0.0390625
9.421875,0.0390625
9.4375,0.03125
9.453125,0.0390625
9.46875,0.03515625
9.484375,0.04296875
9.5,0.04296875
9.515625,0.046875
9.53125,0.0546875
9.546875,0.04296875
9.5625,0.04296875
9.578125,0.03515625
9.59375,0.02734375
9.609375,0.015625
9.625,0.0
9.640625,-0.015625
9.65625,-0.03515625
9.671875,-0.046875
9.6875,-0.0625
9.703125,-0.0703125
9.71875,-0.078125
9.734375,-0.06640625
9.75,-0.0625
9.765625,-0.0546875
9.78125,-0.04296875
9.796875,-0.0234375
9.8125,-0.0078125
9.828125,0.01171875
9.84375,0.0234375
9.859375,0.03515625
9.875,0.0390625
9.890625,0.0546875
9.90625,0.0625
9.921875,0.0625
9.9375,0.06640625
9.953125,0.0546875
9.96875,0.0546875
9.984375,0.0390625
10.0,0.03125
10.015625,0.0234375
10.03125,0.0078125
10.046875,-0.01171875
10.0625,-0.03125
10.078125,-0.0390625
10.09375,-0.05859375
10.109375,-0.0625
10.125,-0.07421875
10.140625,-0.0625
10.15625,-0.05859375
10.171875,-0.0390625
10.1875,-0.02734375
10.203125,0.0
10.21875,0.0234375
10.234375,0.03515625
10.25,0.05078125
10.265625,0.0625
10.28125,0.0703125
10.296875,0.078125
10.3125,0.07421875
10.328125,0.078125
10.34375,0.06640625
10.359375,0.0625
10.375,0.05859375
10.390625,0.04296875
10.40625,0.0390625
10.421875,0.0234375
10.4375,0.01171875
10.453125,-0.01171875
10.46875,-0.0234375
10.484375,-0.0390625
10.5,-0.06640625
10.515625,-0.06640625
10.53125,-0.08203125
10.546875,-0.08984375
10.5625,-0.09765625
10.578125,-0.08203125
10.59375,-0.078125
10.609375,-0.0625
10.625,-0.046875
10.640625,-0.0234375
10.65625,-0.01171875
10.671875,0.01171875
10.6875,0.015625
10.703125,0.03515625
10.71875,0.0390625
10.734375,0.0390625
10.75,0.05078125
10.765625,0.05078125
10.78125,0.0546875
10.796875,0.0546875
10.8125,0.046875
10.828125,0.0546875
10.84375,0.04296875
10.859375,0.04296875
10.875,0.0390625
10.890625,0.03125
10.90625,0.03125
10.921875,0.02734375
10.9375,0.02734375
10.953125,0.015625
10.96875,0.015625
10.984375,0.0078125
11.0,-0.00390625
11.015625,0.0
11.03125,-0.0078125
11.046875,-0.01171875
11.0625,-0.01953125
11.078125,-0.015625
11.09375,-0.03515625
11.109375,-0.03125
11.125,-0.04296875
11.140625,-0.04296875
11.15625,-0.03515625
11.171875,-0.03515625
11.1875,-0.03125
11.203125,-0.0234375
11.21875,-0.01171875
11.234375,0.00390625
11.25,0.0234375
11.265625,0.0390625
11.28125,0.0546875
11.296875,0.0703125
11.3125,0.0859375
11.328125,0.0859375
11.34375,0.09375
11.359375,0.0859375
11.375,0.0703125
11.390625,0.0546875
11.40625,0.03515625
11.421875,0.01171875
11.4375,-0.0078125
11.453125,-0.03125
11.46875,-0.05078125
11.484375,-0.0625
11.5,-0.07421875
11.515625,-0.07421875
11.53125,-0.06640625
11.546875,-0.07421875
11.5625,-0.05859375
11.578125,-0.04296875
11.59375,-0.0234375
11.609375,-0.01953125
11.625,0.00390625
11.640625,0.01171875
11.65625,0.03515625
11.671875,0.04296875
11.6875,0.04296875
11.703125,0.0625
11.71875,0.0546875
11.734375,0.0625
11.75,0.05859375
11.765625,0.05078125
11.78125,0.04296875
11.796875,0.03515625
11.8125,0.0234375
11.828125,0.0
11.84375,-0.00390625
11.859375,-0.01953125
11.875,-0.03515625
11.890625,-0.04296875
11.90625,-0.05078125
11.921875,-0.0546875
11.9375,-0.05078125
11.953125,-0.05859375
11.96875,-0.046875
11.984375,-0.04296875
12.0,-0.03515625
12.015625,-0.03125
12.03125,-0.015625
12.046875,-0.01171875
12.0625,0.0
12.078125,-0.00390625
12.09375,0.00390625
12.109375,0.0078125
12.125,0.015625
12.140625,0.01953125
12.15625,0.00390625
12.171875,0.015625
12.1875,0.015625
12.203125,0.01171875
12.21875,0.0078125
12.234375,0.01171875
12.25,0.0078125
12.265625,0.01171875
12.28125,0.01171875
12.296875,0.01953125
12.3125,0.01953125
12.328125,0.0234375
12.34375,0.03125
12.359375,0.0390625
12.375,0.04296875
12.390625,0.04296875
12.40625,0.0390625
12.421875,0.04296875
12.4375,0.0390625
12.453125,0.0390625
12.46875,0.015625
12.484375,0.01953125
12.5,0.00390625
12.515625,-0.0078125
12.53125,-0.0078125
12.546875,-0.01953125
12.5625,-0.01953125
12.578125,-0.0234375
12.59375,-0.0234375
12.609375,-0.01953125
12.625,-0.015625
12.640625,-0.01171875
12.65625,-0.0078125
12.671875,-0.0078125
12.6875,0.0078125
12.703125,0.0078125
12.71875,0.01171875
12.734375,0.01953125
12.75,0.01171875
12.765625,0.02734375
12.78125,0.0234375
12.796875,0.0234375
12.8125,0.02734375
12.828125,0.015625
12.84375,0.015625
12.859375,0.01171875
12.875,0.0078125
12.890625,0.0078125
12.90625,0.0078125
12.921875,0.0078125
12.9375,0.0
12.953125,0.0
12.96875,0.0
12.984375,0.00390625
13.0,0.0
13.015625,0.0078125
13.03125,0.00390625
13.046875,0.01171875
13.0625,0.01171875
13.078125,0.01171875
13.09375,0.01171875
13.109375,0.01171875
13.125,0.0078125
13.140625,0.01171875
13.15625,0.01171875
13.171875,0.00390625
13.1875,0.0078125
13.203125,0.0
13.21875,0.00390625
13.234375,0.00390625
13.25,-0.00390625
13.265625,0.0
13.28125,-0.0078125
13.296875,-0.0078125
13.3125,-0.01171875
13.328125,-0.01171875
13.34375,-0.01171875
13.359375,-0.01171875
13.375,-0.01953125
13.390625,-0.01953125
13.40625,-0.0078125
13.421875,-0.015625
13.4375,-0.01171875
13.453125,-0.0078125
13.46875,-0.00390625
13.484375,-0.0078125
13.5,0.0
13.515625,0.01171875
13.53125,0.01171875
13.546875,0.015625
13.5625,0.015625
13.578125,0.0234375
13.59375,0.0234375
13.609375,0.03515625
13.625,0.02734375
13.640625,0.03125
13.65625,0.03515625
13.671875,0.02734375
13.6875,0.02734375
13.703125,0.02734375
13.71875,0.0234375
13.734375,0.01171875
13.75,0.00390625
13.765625,0.00390625
13.78125,0.0
13.796875,-0.0078125
13.8125,-0.01953125
13.828125,-0.015625
13.84375,-0.0234375
13.859375,-0.02734375
13.875,-0.0234375
13.890625,-0.0234375
13.90625,-0.02734375
13.921875,-0.01953125
13.9375,-0.01953125
13.953125,-0.0078125
13.96875,-0.0078125
13.984375,-0.00390625
14.0,0.0
14.015625,0.00390625
14.03125,0.0
14.046875,0.0
14.0625,0.0
14.078125,-0.00390625
14.09375,-0.00390625
14.109375,0.0
14.125,-0.00390625
14.140625,0.0
14.15625,0.0
14.171875,0.0
14.1875,0.01171875
14.203125,0.01171875
14.21875,0.015625
14.234375,0.0234375
14.25,0.0234375
14.265625,0.0234375
14.28125,0.03125
14.296875,0.03515625
14.3125,0.03515625
14.328125,0.0390625
14.34375,0.03515625
14.359375,0.02734375
14.375,0.0234375
14.390625,0.0234375
14.40625,0.00390625
14.421875,0.00390625
14.4375,-0.00390625
14.453125,-0.01171875
14.46875,-0.01953125
14.484375,-0.02734375
14.5,-0.03515625
14.515625,-0.02734375
14.53125,-0.02734375
14.546875,-0.0234375
14.5625,-0.02734375
14.578125,-0.015625
14.59375,-0.015625
14.609375,0.00390625
14.625,0.00390625
14.640625,0.0078125
14.65625,0.015625
14.671875,0.0234375
14.6875,0.0234375
14.703125,0.0234375
14.71875,0.03125
14.734375,0.03125
14.75,0.01953125
14.765625,0.02734375
14.78125,0.0234375
14.796875,0.0078125
14.8125,0.01171875
14.828125,0.015625
14.84375,0.0078125
14.859375,0.00390625
14.875,0.00390625
14.890625,-0.00390625
14.90625,0.00390625
14.921875,-0.00390625
14.9375,-0.00390625
14.953125,0.0
14.96875,-0.0078125
14.984375,-0.00390625
15.0,-0.00390625
15.015625,-0.00390625
15.03125,0.0
15.046875,-0.00390625
15.0625,0.0078125
15.078125,0.0
15.09375,0.0078125
15.109375,0.015625
15.125,0.01171875
15.140625,0.015625
15.15625,0.01953125
15.171875,0.015625
15.1875,0.015625
15.203125,0.015625
15.21875,0.0234375
15.234375,0.015625
15.25,0.015625
15.265625,0.015625
15.28125,0.01171875
15.296875,0.01953125
15.3125,0.01171875
15.328125,0.01171875
15.34375,0.0078125
15.359375,0.00390625
15.375,0.0
15.390625,0.0078125
15.40625,0.0078125
15.421875,0.00390625
15.4375,0.0
15.453125,0.0078125
15.46875,0.0
15.484375,0.0
15.5,0.0
15.515625,-0.00390625
15.53125,-0.0078125
15.546875,0.0
15.5625,0.0
15.578125,-0.00390625
15.59375,-0.00390625
15.609375,-0.00390625
15.625,-0.0078125
15.640625,0.0078125
15.65625,0.0
15.671875,0.0
15.6875,-0.00390625
15.703125,0.00390625
15.71875,0.0
15.734375,0.0
15.75,0.00390625
15.765625,0.0078125
15.78125,0.0
15.796875,0.01171875
15.8125,0.01171875
15.828125,0.015625
15.84375,0.015625
15.859375,0.01953125
15.875,0.02734375
15.890625,0.015625
15.90625,0.0234375
15.921875,0.01953125
15.9375,0.0234375
15.953125,0.015625
15.96875,0.015625
15.984375,0.0078125
16.0,0.0078125
16.015625,0.00390625
16.03125,0.00390625
16.046875,0.0
16.0625,0.0
16.078125,-0.0078125
16.09375,0.00390625
16.109375,-0.01171875
16.125,-0.0078125
16.140625,-0.00390625
16.15625,-0.01171875
16.171875,-0.0078125
16.1875,-0.0078125
16.203125,-0.0078125
16.21875,-0.015625
16.234375,-0.01171875
16.25,-0.015625
16.265625,-0.01171875
16.28125,-0.0234375
16.296875,-0.015625
16.3125,-0.015625
16.328125,-0.01171875
16.34375,-0.015625
16.359375,-0.00390625
16.375,0.0
16.390625,0.0
16.40625,0.00390625
16.421875,0.01171875
16.4375,0.01171875
16.453125,0.015625
16.46875,0.015625
16.484375,0.01953125
16.5,0.015625
16.515625,0.01953125
16.53125,0.015625
16.546875,0.0234375
16.5625,0.015625
16.578125,0.00390625
16.59375,0.01171875
16.609375,0.0
16.625,0.0
16.640625,-0.00390625
16.65625,-0.0078125
16.671875,-0.00390625
16.6875,-0.01171875
16.703125,-0.0078125
16.71875,-0.0078125
16.734375,-0.00390625
16.75,-0.00390625
16.765625,-0.00390625
16.78125,-0.00390625
16.796875,0.0
16.8125,-0.00390625
16.828125,0.00390625
16.84375,0.0078125
16.859375,0.0078125
16.875,0.0078125
16.890625,0.00390625
16.90625,0.01171875
16.921875,0.01953125
16.9375,0.01171875
16.953125,0.01171875
16.96875,0.01953125
16.984375,0.015625
17.0,0.01953125
17.015625,0.0234375
17.03125,0.015625
17.046875,0.0078125
17.0625,0.015625
17.078125,0.0078125
17.09375,0.0078125
17.109375,0.01171875
17.125,0.00390625
17.140625,0.0
17.15625,0.0
17.171875,-0.0078125
17.1875,-0.00390625
17.203125,0.0
17.21875,-0.0078125
17.234375,-0.00390625
17.25,-0.00390625
17.265625,-0.00390625
17.28125,-0.0078125
17.296875,-0.01171875
17.3125,-0.0078125
17.328125,0.00390625
17.34375,-0.00390625
17.359375,0.00390625
17.375,-0.00390625
17.390625,0.0078125
17.40625,0.01171875
17.421875,0.01171875
17.4375,0.01171875
17.453125,0.015625
17.46875,0.0234375
17.484375,0.015625
17.5,0.0234375
17.515625,0.03125
17.53125,0.0234375
17.546875,0.0234375
17.5625,0.01953125
17.578125,0.015625
17.59375,0.01953125
17.609375,0.01171875
17.625,0.01171875
17.640625,0.00390625
17.65625,0.0
17.671875,0.0
17.6875,-0.0078125
17.703125,-0.00390625
17.71875,-0.00390625
17.734375,-0.01171875
17.75,-0.00390625
17.765625,-0.0078125
17.78125,-0.01171875
17.796875,-0.0078125
17.8125,-0.00390625
17.828125,-0.0078125
17.84375,0.00390625
17.859375,0.00390625
17.875,0.00390625
17.890625,0.01171875
17.90625,0.015625
17.921875,0.015625
17.9375,0.02734375
17.953125,0.02734375
17.96875,0.02734375
17.984375,0.03125
18.0,0.02734375
18.015625,0.03125
18.03125,0.0234375
18.046875,0.015625
18.0625,0.015625
18.078125,0.0078125
18.09375,0.00390625
18.109375,-0.00390625
18.125,-0.015625
18.140625,-0.0078125
18.15625,-0.0234375
18.171875,-0.015625
18.1875,-0.0234375
18.203125,-0.01953125
18.21875,-0.01953125
18.234375,-0.01171875
18.25,-0.015625
18.265625,-0.0078125
18.28125,-0.0078125
18.296875,0.0
18.3125,0.00390625
18.328125,0.01171875
18.34375,0.01171875
18.359375,0.01171875
18.375,0.01171875
18.390625,0.0234375
18.40625,0.015625
18.421875,0.01953125
18.4375,0.01953125
18.453125,0.01953125
18.46875,0.01953125
18.484375,0.015625
18.5,0.015625
18.515625,0.01953125
18.53125,0.01171875
18.546875,0.015625
18.5625,0.01171875
18.578125,0.01171875
18.59375,0.0078125
18.609375,0.00390625
18.625,0.00390625
18.640625,0.0
18.65625,-0.00390625
18.671875,0.0
18.6875,0.00390625
18.703125,-0.0078125
18.71875,-0.0078125
18.734375,-0.0078125
18.75,-0.01953125
18.765625,-0.01171875
18.78125,-0.0078125
18.796875,-0.01171875
18.8125,-0.0078125
18.828125,0.0
18.84375,-0.0078125
18.859375,-0.00390625
18.875,0.0
18.890625,0.0
18.90625,-0.00390625
18.921875,-0.00390625
18.9375,0.0
18.953125,0.0
18.96875,0.0078125
18.984375,0.0
19.0,-0.00390625
19.015625,-0.00390625
19.03125,-0.00390625
19.046875,-0.0078125
19.0625,-0.0078125
19.078125,-0.01171875
19.09375,-0.0078125
19.109375,-0.015625
19.125,-0.01171875
19.140625,-0.015625
19.15625,-0.01171875
19.171875,-0.00390625
19.1875,-0.00390625
19.203125,0.00390625
19.21875,-0.00390625
19.234375,0.00390625
19.25,0.015625
19.265625,0.015625
19.28125,0.01171875
19.296875,0.01171875
19.3125,0.015625
19.328125,0.01953125
19.34375,0.01171875
19.359375,0.0078125
19.375,0.01171875
19.390625,0.0078125
19.40625,0.0078125
19.421875,-0.00390625
19.4375,0.0
19.453125,0.00390625
19.46875,-0.00390625
19.484375,-0.0078125
19.5,0.0
19.515625,-0.01171875
19.53125,0.00390625
19.546875,0.0
19.5625,-0.00390625
19.578125,0.00390625
19.59375,0.00390625
19.609375,0.0078125
19.625,0.00390625
19.640625,0.0078125
19.65625,0.015625
19.671875,0.00390625
19.6875,0.01171875
19.703125,0.0078125
19.71875,0.0078125
19.734375,0.01171875
19.75,0.01171875
19.765625,0.01171875
19.78125,0.0
19.796875,0.00390625
19.8125,0.0078125
19.828125,0.0
19.84375,0.00390625
19.859375,0.0
19.875,0.00390625
19.890625,0.00390625
19.90625,0.00390625
19.921875,0.0078125
19.9375,0.0078125
19.953125,0.01953125
19.96875,0.015625
19.984375,0.0078125
20.0,0.01953125
20.015625,0.01171875
20.03125,0.01171875
20.046875,0.015625
20.0625,0.0078125
20.078125,0.01171875
20.09375,0.0
20.109375,0.00390625
20.125,-0.00390625
20.140625,-0.00390625
20.15625,0.00390625
20.171875,0.0
20.1875,0.0
20.203125,0.01171875
20.21875,0.00390625
20.234375,0.00390625
20.25,0.01171875
20.265625,0.0078125
20.28125,0.0078125
20.296875,0.015625
20.3125,0.01171875
20.328125,0.01953125
20.34375,0.015625
20.359375,0.01171875
20.375,0.015625
20.390625,0.01953125
20.40625,0.015625
20.421875,0.01953125
20.4375,0.01171875
20.453125,0.0078125
20.46875,0.01171875
20.484375,0.0078125
20.5,0.00390625
20.515625,0.00390625
20.53125,0.00390625
20.546875,0.00390625
20.5625,0.00390625
20.578125,0.00390625
20.59375,0.0
20.609375,0.00390625
20.625,-0.00390625
20.640625,0.0
20.65625,-0.00390625
20.671875,-0.0078125
20.6875,-0.00390625
20.703125,-0.0078125
20.71875,-0.0078125
20.734375,-0.0078125
20.75,-0.00390625
20.765625,-0.0078125
20.78125,0.0
20.796875,-0.0078125
20.8125,0.0
20.828125,-0.0078125
20.84375,-0.00390625
20.859375,0.00390625
20.875,0.0078125
20.890625,0.01171875
20.90625,0.01171875
20.921875,0.0078125
20.9375,0.0078125
20.953125,0.01171875
20.96875,0.00390625
20.984375,0.0078125
21.0,0.0078125
21.015625,-0.00390625
21.03125,0.00390625
21.046875,-0.00390625
21.0625,0.0
21.078125,-0.00390625
21.09375,-0.00390625
21.109375,-0.01171875
21.125,-0.01171875
21.140625,-0.00390625
21.15625,-0.0078125
21.171875,-0.0078125
21.1875,-0.00390625
21.203125,-0.0078125
21.21875,0.0
21.234375,0.00390625
21.25,0.0078125
21.265625,0.01171875
21.28125,0.0078125
21.296875,0.015625
21.3125,0.015625
21.328125,0.0078125
21.34375,0.015625
21.359375,0.0078125
21.375,0.015625
21.390625,0.01171875
21.40625,0.01171875
21.421875,0.015625
21.4375,0.0078125
21.453125,0.01171875
21.46875,0.01171875
21.484375,0.0078125
21.5,0.015625
21.515625,0.00390625
21.53125,0.0078125
21.546875,0.0078125
21.5625,0.0
21.578125,0.00390625
21.59375,0.0
21.609375,0.0
21.625,0.0
21.640625,-0.0078125
21.65625,-0.01171875
21.671875,-0.00390625
21.6875,-0.00390625
21.703125,0.00390625
21.71875,-0.00390625
21.734375,0.0
21.75,0.00390625
21.765625,0.0
21.78125,0.00390625
21.796875,0.0
21.8125,0.0078125
21.828125,0.01171875
21.84375,0.0078125
21.859375,0.0
21.875,0.01171875
21.890625,0.01171875
21.90625,0.01171875
21.921875,0.01171875
21.9375,0.015625
21.953125,0.015625
21.96875,0.01171875
21.984375,0.01171875
22.0,0.0078125
22.015625,0.0078125
22.03125,0.0078125
22.046875,0.01171875
22.0625,0.00390625
22.078125,0.00390625
22.09375,0.0078125
22.109375,0.0
22.125,0.0
22.140625,0.0
22.15625,-0.00390625
22.171875,-0.00390625
22.1875,-0.00390625
22.203125,-0.0078125
22.21875,0.00390625
22.234375,-0.015625
22.25,0.00390625
22.265625,-0.01171875
22.28125,-0.00390625
22.296875,-0.00390625
22.3125,-0.01171875
22.328125,0.00390625
22.34375,-0.00390625
22.359375,-0.0078125
22.375,-0.0078125
22.390625,-0.00390625
22.40625,0.0
22.421875,-0.00390625
22.4375,0.00390625
22.453125,0.00390625
22.46875,0.0
22.484375,0.0
22.5,0.015625
22.515625,0.00390625
22.53125,0.00390625
22.546875,0.0
22.5625,0.0078125
22.578125,0.00390625
22.59375,0.0078125
22.609375,0.0078125
22.625,0.00390625
22.640625,0.01171875
22.65625,0.0078125
22.671875,0.0
22.6875,0.00390625
22.703125,0.00390625
22.71875,0.0
22.734375,0.00390625
22.75,0.0078125
22.765625,0.0
22.78125,0.00390625
22.796875,0.0
22.8125,0.0
22.828125,0.0078125
22.84375,0.01171875
22.859375,0.0078125
22.875,0.01171875
22.890625,0.01171875
22.90625,0.0078125
22.921875,0.01171875
22.9375,0.015625
22.953125,0.0078125
22.96875,0.01171875
22.984375,0.015625
23.0,0.0
23.015625,0.015625
23.03125,0.0078125
23.046875,0.00390625
23.0625,0.00390625
23.078125,0.00390625
23.09375,0.0
23.109375,-0.0078125
23.125,-0.00390625
23.140625,-0.00390625
23.15625,-0.0078125
23.171875,0.0
23.1875,-0.00390625
23.203125,-0.0078125
23.21875,0.0
23.234375,-0.00390625
23.25,-0.00390625
23.265625,0.00390625
23.28125,0.00390625
23.296875,-0.00390625
23.3125,0.0
23.328125,0.0078125
23.34375,-0.00390625
23.359375,0.00390625
23.375,0.01171875
23.390625,0.0
23.40625,0.0
23.421875,0.00390625
23.4375,0.0
23.453125,-0.00390625
23.46875,0.00390625
23.484375,0.00390625
23.5,0.0
23.515625,0.00390625
23.53125,0.01171875
23.546875,0.0
23.5625,-0.00390625
23.578125,0.0
23.59375,0.0
23.609375,0.0
23.625,0.0078125
23.640625,0.0
23.65625,0.00390625
23.671875,0.0078125
23.6875,0.0078125
23.703125,0.0078125
23.71875,0.0078125
23.734375,0.01171875
23.75,0.015625
23.765625,0.0078125
23.78125,0.0078125
23.796875,0.00390625
23.8125,0.0
23.828125,0.00390625
23.84375,-0.00390625
23.859375,0.00390625
23.875,0.0
23.890625,-0.0078125
23.90625,0.00390625
23.921875,0.0
23.9375,0.00390625
23.953125,0.0078125
23.96875,0.00390625
23.984375,0.01171875
24.0,0.01171875
24.015625,0.01171875
24.03125,0.0078125
24.046875,0.0078125
24.0625,0.01171875
24.078125,0.0078125
24.09375,0.01171875
24.109375,0.00390625
24.125,0.0
24.140625,0.0078125
24.15625,0.0
24.171875,0.0
24.1875,0.0
24.203125,0.0
24.21875,0.00390625
24.234375,0.0
24.25,0.0078125
24.265625,0.00390625
24.28125,0.01171875
24.296875,0.0078125
24.3125,0.0078125
24.328125,0.0
24.34375,0.00390625
24.359375,0.01171875
24.375,0.0
24.390625,0.0078125
24.40625,0.00390625
24.421875,0.0078125
24.4375,0.00390625
24.453125,0.0078125
24.46875,0.01171875
24.484375,0.00390625
24.5,0.0078125
24.515625,0.0078125
24.53125,0.0078125
24.546875,0.00390625
24.5625,0.0078125
24.578125,0.00390625
24.59375,0.0078125
24.609375,-0.00390625
24.625,0.00390625
24.640625,0.00390625
24.65625,0.0
24.671875,0.00390625
24.6875,0.00390625
24.703125,0.00390625
24.71875,0.0
24.734375,0.00390625
24.75,0.0
24.765625,0.0078125
24.78125,0.01171875
24.796875,0.0078125
24.8125,0.01171875
24.828125,0.0078125
24.84375,0.01171875
24.859375,0.0078125
24.875,0.0078125
24.890625,0.01171875
24.90625,0.00390625
24.921875,0.0078125
24.9375,0.0078125
24.953125,-0.00390625
24.96875,0.0
24.984375,0.0
25.0,-0.00390625
25.015625,0.00390625
25.03125,0.0
25.046875,-0.0078125
25.0625,-0.00390625
25.078125,0.0
25.09375,-0.01171875
25.109375,-0.01171875
25.125,0.0
25.140625,-0.0078125
25.15625,-0.00390625
25.171875,-0.00390625
25.1875,0.00390625
25.203125,0.0
25.21875,-0.0078125
25.234375,0.00390625
25.25,0.00390625
25.265625,0.0
25.28125,0.0078125
25.296875,0.0
25.3125,0.0078125
25.328125,0.00390625
25.34375,0.01171875
25.359375,0.00390625
25.375,0.00390625
25.390625,0.00390625
25.40625,0.00390625
25.421875,0.00390625
25.4375,0.00390625
25.453125,-0.00390625
25.46875,0.00390625
25.484375,-0.00390625
25.5,0.00390625
25.515625,0.01171875
25.53125,0.0
25.546875,0.0078125
25.5625,0.0
25.578125,0.00390625
25.59375,0.0
25.609375,0.0
25.625,0.00390625
25.640625,0.0
25.65625,0.0078125
25.671875,0.00390625
25.6875,0.0
25.703125,0.0078125
25.71875,0.0078125
25.734375,0.0
25.75,0.01171875
25.765625,0.00390625
25.78125,0.0078125
25.796875,0.0078125
25.8125,0.01171875
25.828125,0.0
25.84375,0.00390625
25.859375,0.0
25.875,0.0
25.890625,0.0078125
25.90625,0.0
25.921875,0.0078125
25.9375,0.0078125
25.953125,0.0
25.96875,0.0078125
25.984375,0.0078125
26.0,0.0
26.015625,0.00390625
26.03125,0.0
26.046875,0.00390625
26.0625,0.00390625
26.078125,0.0
26.09375,0.00390625
26.109375,-0.00390625
26.125,0.01171875
26.140625,0.00390625
26.15625,0.00390625
26.171875,0.0
26.1875,0.0078125
26.203125,0.0078125
26.21875,0.0078125
26.234375,0.0078125
26.25,0.00390625
26.265625,0.01171875
26.28125,0.0078125
26.296875,0.00390625
26.3125,0.01171875
26.328125,0.00390625
26.34375,0.01171875
26.359375,0.0078125
26.375,0.00390625
26.390625,0.01171875
26.40625,0.0078125
26.421875,0.0
26.4375,0.0078125
26.453125,0.00390625
26.46875,-0.00390625
26.484375,-0.00390625
26.5,0.0078125
26.515625,-0.00390625
26.53125,0.0
26.546875,0.0
26.5625,0.0
26.578125,0.0
26.59375,0.0
26.609375,-0.00390625
26.625,0.00390625
26.640625,-0.00390625
26.65625,-0.0078125
26.671875,-0.00390625
26.6875,0.00390625
26.703125,0.0
26.71875,0.00390625
26.734375,0.0
26.75,-0.0078125
26.765625,0.0
26.78125,-0.00390625
26.796875,0.0
26.8125,0.0078125
26.828125,0.0
26.84375,0.00390625
26.859375,0.0078125
26.875,0.00390625
26.890625,0.0
26.90625,0.0
26.921875,0.00390625
26.9375,0.0
26.953125,0.00390625
26.96875,0.0
26.984375,-0.00390625
27.0,0.00390625
27.015625,0.0
27.03125,0.00390625
27.046875,0.0078125
27.0625,0.00390625
27.078125,0.0078125
27.09375,0.0078125
27.109375,0.0078125
27.125,0.00390625
27.140625,0.0
27.15625,0.00390625
27.171875,0.00390625
27.1875,0.01171875
27.203125,0.00390625
27.21875,0.0078125
27.234375,0.01171875
27.25,0.00390625
27.265625,0.0078125
27.28125,0.0078125
27.296875,0.0
27.3125,0.00390625
27.328125,0.0
27.34375,0.0078125
27.359375,0.00390625
27.375,0.00390625
27.390625,0.0
27.40625,0.00390625
27.421875,0.00390625
27.4375,0.0
27.453125,0.00390625
27.46875,0.00390625
27.484375,0.00390625
27.5,0.00390625
27.515625,0.0078125
27.53125,0.00390625
27.546875,0.0078125
27.5625,0.0078125
27.578125,0.0
27.59375,0.01171875
27.609375,0.00390625
27.625,0.00390625
27.640625,0.00390625
27.65625,0.00390625
27.671875,0.01171875
27.6875,0.0
27.703125,0.0078125
27.71875,0.00390625
27.734375,0.0
27.75,0.0
27.765625,0.0
27.78125,-0.00390625
27.796875,0.0
27.8125,-0.00390625
27.828125,0.0
27.84375,-0.00390625
27.859375,-0.0078125
27.875,0.0
27.890625,0.0
27.90625,0.0
27.921875,0.0
27.9375,0.0
27.953125,0.00390625
27.96875,0.0
27.984375,0.0
28.0,0.0078125
28.015625,0.00390625
28.03125,0.00390625
28.046875,0.00390625
28.0625,0.0078125
28.078125,0.0078125
28.09375,0.00390625
28.109375,0.01171875
28.125,0.00390625
28.140625,0.00390625
28.15625,0.01171875
28.171875,0.0
28.1875,0.00390625
28.203125,0.0
28.21875,0.0078125
28.234375,0.00390625
28.25,0.00390625
28.265625,0.0078125
28.28125,0.0
28.296875,0.0078125
28.3125,0.00390625
28.328125,0.0
28.34375,0.01171875
28.359375,0.0
28.375,0.00390625
28.390625,0.0
28.40625,0.00390625
28.421875,0.00390625
28.4375,0.00390625
28.453125,0.0
28.46875,0.0
28.484375,0.00390625
28.5,0.0078125
28.515625,0.0
28.53125,0.01171875
28.546875,0.0
28.5625,0.0078125
28.578125,0.00390625
28.59375,0.00390625
28.609375,0.0078125
28.625,0.00390625
28.640625,0.00390625
28.65625,0.0078125
28.671875,0.0078125
28.6875,0.0078125
28.703125,0.01171875
28.71875,0.00390625
28.734375,0.01171875
28.75,0.00390625
28.765625,0.01171875
28.78125,0.0078125
28.796875,0.00390625
28.8125,0.0
28.828125,0.0078125
28.84375,0.00390625
28.859375,0.00390625
28.875,0.00390625
28.890625,0.0078125
28.90625,0.0
28.921875,0.0078125
28.9375,0.0
28.953125,0.01171875
28.96875,0.00390625
28.984375,0.01171875
29.0,0.00390625
29.015625,0.0078125
29.03125,0.00390625
29.046875,0.00390625
29.0625,0.0
29.078125,0.01171875
29.09375,0.0078125
29.109375,0.00390625
29.125,0.00390625
29.140625,0.00390625
29.15625,0.00390625
29.171875,0.00390625
29.1875,0.00390625
29.203125,-0.00390625
29.21875,0.00390625
29.234375,0.0
29.25,0.00390625
29.265625,0.0
29.28125,0.0
29.296875,-0.00390625
29.3125,0.0
29.328125,0.0
29.34375,-0.00390625
29.359375,-0.00390625
29.375,-0.00390625
29.390625,0.0
29.40625,0.00390625
29.421875,0.0
29.4375,0.00390625
29.453125,0.00390625
29.46875,0.0078125
29.484375,0.0
29.5,0.00390625
29.515625,0.0
29.53125,0.0
29.546875,0.0
29.5625,0.00390625
29.578125,-0.00390625
29.59375,0.00390625
29.609375,-0.00390625
29.625,0.00390625
29.640625,0.0
29.65625,-0.00390625
29.671875,0.00390625
29.6875,-0.00390625
29.703125,0.0
29.71875,0.0
29.734375,0.0
29.75,0.0
29.765625,0.0
29.78125,0.00390625
29.796875,0.0
29.8125,0.0
29.828125,0.0078125
29.84375,-0.00390625
29.859375,0.00390625
29.875,0.00390625
29.890625,0.00390625
29.90625,0.00390625
29.921875,0.0078125
29.9375,0.0078125
29.953125,0.00390625
29.96875,0.0078125
29.984375,0.00390625
30.0,0.0
30.015625,0.00390625
30.03125,0.0078125
30.046875,0.00390625
30.0625,0.00390625
30.078125,0.00390625
30.09375,0.01171875
30.109375,0.00390625
30.125,0.0078125
30.140625,0.0078125
30.15625,0.00390625
30.171875,0.00390625
30.1875,0.0
30.203125,0.0078125
30.21875,0.0078125
30.234375,0.0
30.25,0.0
30.265625,0.0
30.28125,0.00390625
30.296875,0.00390625
30.3125,0.01171875
30.328125,0.0078125
30.34375,0.0078125
30.359375,0.0078125
30.375,0.0078125
30.390625,0.0078125
30.40625,0.015625
30.421875,0.0078125
30.4375,0.00390625
30.453125,0.00390625
30.46875,0.01171875
30.484375,0.0
30.5,0.00390625
30.515625,0.00390625
30.53125,0.0
30.546875,0.00390625
30.5625,0.00390625
30.578125,0.0
30.59375,0.0
30.609375,-0.00390625
30.625,0.00390625
30.640625,0.00390625
30.65625,0.00390625
30.671875,0.0
30.6875,0.0
30.703125,0.00390625
30.71875,0.0
30.734375,0.0
30.75,0.0
30.765625,-0.00390625
30.78125,0.0078125
30.796875,-0.00390625
30.8125,0.0
30.828125,0.00390625
30.84375,-0.00390625
30.859375,-0.00390625
30.875,0.0
30.890625,0.0078125
30.90625,0.0
30.921875,0.00390625
30.9375,0.00390625
30.953125,0.0
30.96875,-0.00390625
30.984375,0.0078125
31.0,0.00390625
31.015625,0.0
31.03125,0.0
31.046875,0.0
31.0625,-0.00390625
31.078125,0.0
31.09375,0.0078125
31.109375,-0.0078125
31.125,0.0
31.140625,0.00390625
31.15625,0.00390625
31.171875,-0.00390625
31.1875,0.00390625
31.203125,0.00390625
31.21875,-0.0078125
31.234375,-0.00390625
31.25,-0.0078125
31.265625,-0.00390625
31.28125,0.00390625
31.296875,0.0
31.3125,-0.00390625
31.328125,-0.00390625
31.34375,0.01171875
31.359375,-0.00390625
31.375,0.00390625
31.390625,0.0078125
31.40625,0.0
31.421875,0.0
31.4375,0.0078125
31.453125,0.0
31.46875,0.0078125
31.484375,0.0
31.5,0.00390625
31.515625,0.0
31.53125,0.00390625
31.546875,0.0
31.5625,0.0
31.578125,0.00390625
31.59375,0.01171875
31.609375,0.0078125
31.625,0.0078125
31.640625,0.0
31.65625,0.0078125
31.671875,0.0078125
31.6875,0.0
31.703125,0.0078125
31.71875,0.0
31.734375,0.00390625
31.75,0.0078125
31.765625,0.0
31.78125,0.0
31.796875,0.00390625
31.8125,0.0078125
31.828125,-0.0078125
31.84375,0.0
31.859375,0.01171875
31.875,0.0
31.890625,0.0078125
31.90625,0.0078125
31.921875,0.0
31.9375,0.01171875
31.953125,0.00390625
31.96875,0.01171875
31.984375,0.0
32.0,0.00390625
32.015625,0.00390625
32.03125,0.01171875
32.046875,0.0078125
32.0625,0.0
32.078125,0.00390625
32.09375,-0.00390625
32.109375,0.0
32.125,0.0078125
32.140625,-0.00390625
32.15625,0.0
32.171875,0.0
32.1875,0.0
32.203125,0.0078125
32.21875,0.0078125
32.234375,-0.00390625
32.25,-0.00390625
32.265625,0.0
32.28125,0.00390625
32.296875,-0.00390625
32.3125,0.00390625
32.328125,0.00390625
32.34375,0.00390625
32.359375,0.0
32.375,0.0
32.390625,0.0
32.40625,0.0078125
32.421875,0.0
32.4375,0.00390625
32.453125,0.0
32.46875,0.0078125
32.484375,0.0078125
32.5,0.0078125
32.515625,0.0
32.53125,0.0078125
32.546875,0.00390625
32.5625,0.00390625
32.578125,0.00390625
32.59375,-0.00390625
32.609375,-0.00390625
32.625,0.00390625
32.640625,0.0078125
32.65625,-0.00390625
32.671875,0.0078125
32.6875,0.0
32.703125,0.0
32.71875,0.00390625
32.734375,0.0
32.75,0.0
32.765625,0.0
32.78125,-0.0078125
32.796875,-0.00390625
32.8125,0.00390625
32.828125,0.0
32.84375,0.0
32.859375,0.0078125
32.875,0.00390625
32.890625,0.0
32.90625,0.015625
32.921875,0.0078125
32.9375,0.00390625
32.953125,0.01171875
32.96875,0.0078125
32.984375,0.01171875
33.0,0.01171875
33.015625,0.0078125
33.03125,0.0078125
33.046875,0.00390625
33.0625,0.0
33.078125,0.0078125
33.09375,0.0
33.109375,0.00390625
33.125,0.0
33.140625,0.0078125
33.15625,0.00390625
33.171875,0.00390625
33.1875,0.0078125
33.203125,0.00390625
33.21875,0.00390625
33.234375,0.00390625
33.25,0.0078125
33.265625,0.00390625
33.28125,0.00390625
33.296875,0.0078125
33.3125,0.0078125
33.328125,0.00390625
33.34375,0.0078125
33.359375,0.0
33.375,0.00390625
33.390625,0.0078125
33.40625,0.00390625
33.421875,0.0078125
33.4375,0.0078125
33.453125,0.0
33.46875,0.00390625
33.484375,0.0
33.5,0.0078125
33.515625,0.0
33.53125,0.0078125
33.546875,0.00390625
33.5625,0.00390625
33.578125,0.00390625
33.59375,0.0078125
33.609375,0.0
33.625,0.0
33.640625,0.00390625
33.65625,0.0
33.671875,0.0
33.6875,0.00390625
33.703125,0.00390625
33.71875,0.00390625
33.734375,0.00390625
33.75,0.00390625
33.765625,0.00390625
33.78125,0.00390625
33.796875,0.00390625
33.8125,-0.00390625
33.828125,0.00390625
33.84375,0.01171875
33.859375,-0.00390625
33.875,0.0
33.890625,0.01171875
33.90625,0.00390625
33.921875,0.0
33.9375,0.00390625
33.953125,0.0
33.96875,-0.00390625
33.984375,0.0078125
34.0,0.0
34.015625,0.0
34.03125,0.00390625
34.046875,-0.00390625
34.0625,0.0078125
34.078125,0.0
34.09375,0.00390625
34.109375,-0.00390625
34.125,-0.0078125
34.140625,0.00390625
34.15625,0.00390625
34.171875,0.0
34.1875,0.0078125
34.203125,-0.0078125
34.21875,0.00390625
34.234375,0.0
34.25,-0.00390625
34.265625,0.0
34.28125,0.00390625
34.296875,0.0
34.3125,-0.00390625
34.328125,0.0078125
34.34375,0.0078125
34.359375,-0.01171875
34.375,0.01171875
34.390625,-0.00390625
34.40625,0.0
34.421875,0.00390625
34.4375,0.00390625
34.453125,0.0
34.46875,0.0
34.484375,0.00390625
34.5,0.00390625
34.515625,0.0
34.53125,0.00390625
34.546875,0.0
34.5625,0.00390625
34.578125,0.0078125
34.59375,0.0
34.609375,0.00390625
34.625,0.00390625
34.640625,0.0
34.65625,0.0078125
34.671875,0.00390625
34.6875,0.0
34.703125,0.0
34.71875,0.0078125
34.734375,0.0
34.75,0.00390625
34.765625,0.01171875
34.78125,0.00390625
34.796875,0.0
34.8125,0.00390625
34.828125,0.00390625
34.84375,0.00390625
34.859375,0.0
34.875,0.0078125
34.890625,0.0
34.90625,0.0
34.921875,0.00390625
34.9375,0.0
34.953125,0.01171875
34.96875,0.00390625
34.984375,0.00390625
35.0,0.00390625
35.015625,0.00390625
35.03125,0.0078125
35.046875,0.00390625
35.0625,0.01171875
35.078125,0.00390625
35.09375,0.0078125
35.109375,0.0078125
35.125,0.00390625
35.140625,0.00390625
35.15625,0.00390625
35.171875,0.00390625
35.1875,0.00390625
35.203125,0.00390625
35.21875,0.00390625
35.234375,-0.00390625
35.25,0.0
35.265625,0.0
35.28125,0.00390625
35.296875,0.0
35.3125,0.0
35.328125,0.00390625
35.34375,0.00390625
35.359375,0.00390625
35.375,-0.00390625
35.390625,-0.00390625
35.40625,0.0078125
35.421875,0.0
35.4375,0.00390625
35.453125,0.0078125
35.46875,0.00390625
35.484375,0.0
35.5,0.0078125
35.515625,0.0
35.53125,0.0078125
35.546875,0.00390625
35.5625,0.0
35.578125,0.00390625
35.59375,0.00390625
35.609375,0.0078125
35.625,0.0078125
35.640625,0.00390625
35.65625,0.00390625
35.671875,0.0
35.6875,0.00390625
35.703125,0.0
35.71875,0.00390625
35.734375,0.0
35.75,0.0078125
35.765625,0.0
35.78125,0.00390625
35.796875,0.0078125
35.8125,0.0
35.828125,0.00390625
35.84375,0.0078125
35.859375,0.0078125
35.875,0.0078125
35.890625,0.0
35.90625,0.00390625
35.921875,-0.00390625
35.9375,0.00390625
35.953125,0.00390625
35.96875,0.00390625
35.984375,0.0078125
36.0,0.00390625
36.015625,-0.00390625
36.03125,0.0078125
36.046875,0.0
36.0625,0.00390625
36.078125,0.0
36.09375,0.00390625
36.109375,0.00390625
36.125,0.0
36.140625,0.0
36.15625,0.0
36.171875,0.0078125
36.1875,0.0078125
36.203125,0.0078125
36.21875,0.00390625
36.234375,0.00390625
36.25,0.0
36.265625,0.0078125
36.28125,0.00390625
36.296875,0.0
36.3125,0.00390625
36.328125,0.0
36.34375,0.0078125
36.359375,0.0
36.375,0.0078125
36.390625,0.0
36.40625,0.0078125
36.421875,0.00390625
36.4375,0.0078125
36.453125,-0.0078125
36.46875,0.0078125
36.484375,0.0
36.5,0.00390625
36.515625,0.00390625
36.53125,0.0
36.546875,0.0
36.5625,0.0
36.578125,0.0078125
36.59375,0.00390625
36.609375,-0.00390625
36.625,0.00390625
36.640625,-0.00390625
36.65625,0.0078125
36.671875,0.0
36.6875,0.00390625
36.703125,0.0078125
36.71875,0.00390625
36.734375,0.0
36.75,0.00390625
36.765625,0.00390625
36.78125,0.00390625
36.796875,0.0
36.8125,0.0
36.828125,0.0078125
36.84375,0.00390625
36.859375,0.00390625
36.875,0.0078125
36.890625,0.0
36.90625,0.0
36.921875,0.0078125
36.9375,0.0
36.953125,0.00390625
36.96875,0.00390625
36.984375,0.00390625
37.0,0.00390625
37.015625,0.01171875
37.03125,0.00390625
37.046875,0.00390625
37.0625,0.00390625
37.078125,0.00390625
37.09375,0.0
37.109375,0.0078125
37.125,0.00390625
37.140625,0.0
37.15625,0.0
37.171875,0.01171875
37.1875,0.0
37.203125,0.0078125
37.21875,0.01171875
37.234375,0.00390625
37.25,0.0
37.265625,0.01171875
37.28125,0.0078125
37.296875,0.00390625
37.3125,0.01171875
37.328125,0.0
37.34375,0.0
37.359375,0.00390625
37.375,-0.00390625
37.390625,0.00390625
37.40625,0.00390625
37.421875,0.0
37.4375,0.0
37.453125,0.0
37.46875,0.00390625
37.484375,0.00390625
37.5,0.00390625
37.515625,0.0
37.53125,0.0078125
37.546875,0.00390625
37.5625,0.0078125
37.578125,0.00390625
37.59375,0.0
37.609375,0.0
37.625,0.0
37.640625,-0.00390625
37.65625,0.0078125
37.671875,0.0
37.6875,0.0
37.703125,0.0
37.71875,0.00390625
37.734375,0.00390625
37.75,0.0
37.765625,0.0
37.78125,0.0
37.796875,0.0
37.8125,0.0078125
37.828125,0.0
37.84375,0.00390625
37.859375,0.00390625
37.875,0.0
37.890625,0.00390625
37.90625,0.00390625
37.921875,0.0078125
37.9375,0.0078125
37.953125,0.0
37.96875,0.00390625
37.984375,0.0078125
38.0,0.00390625
38.015625,0.00390625
38.03125,0.0
38.046875,0.00390625
38.0625,0.00390625
38.078125,0.0
38.09375,-0.00390625
38.109375,0.0
38.125,0.0
38.140625,0.00390625
38.15625,0.00390625
38.171875,0.0
38.1875,0.0
38.203125,0.00390625
38.21875,0.00390625
38.234375,0.00390625
38.25,0.0
38.265625,0.0078125
38.28125,0.00390625
38.296875,0.0
38.3125,0.00390625
38.328125,0.00390625
38.34375,0.00390625
38.359375,0.01171875
38.375,-0.00390625
38.390625,0.00390625
38.40625,0.0078125
38.421875,0.00390625
38.4375,0.00390625
38.453125,0.0
38.46875,0.00390625
38.484375,0.00390625
38.5,0.00390625
38.515625,0.00390625
38.53125,0.0
38.546875,0.0078125
38.5625,0.00390625
38.578125,0.0
38.59375,0.0078125
38.609375,0.0
38.625,0.01171875
38.640625,-0.00390625
38.65625,0.0078125
38.671875,0.0
38.6875,0.00390625
38.703125,0.00390625
38.71875,-0.00390625
38.734375,0.00390625
38.75,-0.00390625
38.765625,0.0
38.78125,0.0078125
38.796875,-0.0078125
38.8125,0.0078125
38.828125,0.0078125
38.84375,0.0
38.859375,0.0
38.875,0.00390625
38.890625,0.0
38.90625,0.0
38.921875,0.00390625
38.9375,0.00390625
38.953125,0.0
38.96875,0.00390625
38.984375,0.00390625
39.0,0.00390625
39.015625,0.0078125
39.03125,0.00390625
39.046875,0.01171875
39.0625,0.01171875
39.078125,0.0078125
39.09375,0.00390625
39.109375,0.00390625
39.125,0.0
39.140625,0.00390625
39.15625,0.00390625
39.171875,0.0
39.1875,0.01171875
39.203125,0.00390625
39.21875,0.00390625
39.234375,0.00390625
39.25,0.00390625
39.265625,0.00390625
39.28125,0.0
39.296875,0.0
39.3125,0.0078125
39.328125,0.0
39.34375,0.00390625
39.359375,0.00390625
39.375,0.0
39.390625,0.0078125
39.40625,0.00390625
39.421875,0.00390625
39.4375,0.0
39.453125,0.01171875
39.46875,0.00390625
39.484375,0.0
39.5,0.01171875
39.515625,0.00390625
39.53125,0.00390625
39.546875,0.0078125
39.5625,0.0078125
39.578125,0.00390625
39.59375,0.00390625
39.609375,0.0
39.625,0.0078125
39.640625,-0.00390625
39.65625,0.00390625
39.671875,0.0
39.6875,0.0
39.703125,0.00390625
39.71875,0.00390625
39.734375,0.00390625
39.75,0.00390625
39.765625,0.0078125
39.78125,0.0
39.796875,0.0
39.8125,0.00390625
39.828125,0.00390625
39.84375,0.0
39.859375,0.00390625
39.875,0.0
39.890625,0.00390625
39.90625,0.0
39.921875,0.00390625
39.9375,0.0
39.953125,0.0
39.96875,0.0078125
39.984375,0.00390625
40.0,0.0078125
40.015625,0.0
40.03125,0.0
40.046875,0.0
40.0625,0.00390625
40.078125,0.00390625
40.09375,-0.00390625
40.109375,0.00390625
40.125,-0.00390625
40.140625,0.00390625
40.15625,0.00390625
40.171875,0.01171875
40.1875,0.00390625
40.203125,0.00390625
40.21875,0.00390625
40.234375,0.0
40.25,0.0078125
40.265625,0.00390625
40.28125,-0.00390625
40.296875,0.0078125
40.3125,0.0
40.328125,0.00390625
40.34375,0.0078125
40.359375,0.0
40.375,0.00390625
40.390625,0.00390625
40.40625,0.0078125
40.421875,0.0
40.4375,0.00390625
40.453125,0.0078125
40.46875,0.00390625
40.484375,-0.00390625
40.5,0.0078125
40.515625,-0.00390625
40.53125,0.00390625
40.546875,0.0078125
40.5625,0.0
40.578125,0.01171875
40.59375,0.0
40.609375,0.01171875
40.625,0.00390625
40.640625,0.00390625
40.65625,0.00390625
40.671875,0.00390625
40.6875,0.01171875
40.703125,-0.00390625
40.71875,0.00390625
40.734375,0.0
40.75,0.0078125
40.765625,0.0078125
40.78125,0.0078125
40.796875,0.00390625
40.8125,0.00390625
40.828125,0.00390625
40.84375,0.00390625
40.859375,0.00390625
40.875,0.01171875
40.890625,0.0
40.90625,0.00390625
40.921875,0.0
40.9375,0.0078125
40.953125,0.0078125
40.96875,0.00390625
40.984375,0.00390625
41.0,0.00390625
41.015625,0.00390625
41.03125,0.0
41.046875,0.0078125
41.0625,0.0078125
41.078125,0.00390625
41.09375,0.00390625
41.109375,0.0
41.125,0.00390625
41.140625,0.0078125
41.15625,0.00390625
41.171875,0.0078125
41.1875,0.00390625
41.203125,0.0
41.21875,0.0078125
41.234375,0.00390625
41.25,0.00390625
41.265625,0.0
41.28125,0.0
41.296875,0.00390625
41.3125,0.0
41.328125,0.00390625
41.34375,0.01171875
41.359375,0.0
41.375,0.0078125
41.390625,-0.00390625
41.40625,0.0
41.421875,0.0
41.4375,0.0
41.453125,0.01171875
41.46875,0.0
41.484375,0.0
41.5,0.0
41.515625,0.01171875
41.53125,0.0
41.546875,0.0
41.5625,0.0078125
41.578125,0.00390625
41.59375,0.00390625
41.609375,0.01171875
41.625,0.0
41.640625,0.0078125
41.65625,0.0078125
41.671875,-0.0078125
41.6875,0.0
41.703125,0.00390625
41.71875,0.00390625
41.734375,0.0
41.75,0.00390625
41.765625,0.0
41.78125,0.00390625
41.796875,0.0078125
41.8125,0.00390625
41.828125,0.0078125
41.84375,0.0
41.859375,0.0
41.875,0.0
41.890625,0.00390625
41.90625,0.00390625
41.921875,0.0
41.9375,-0.00390625
41.953125,0.0
41.96875,0.00390625
41.984375,-0.00390625
42.0,0.0078125
42.015625,0.00390625
42.03125,0.00390625
42.046875,0.00390625
42.0625,0.00390625
42.078125,-0.00390625
42.09375,0.00390625
42.109375,-0.00390625
42.125,0.00390625
42.140625,0.0
42.15625,0.0
42.171875,0.00390625
42.1875,0.0
42.203125,0.0
42.21875,-0.0078125
42.234375,0.00390625
42.25,0.0078125
42.265625,0.00390625
42.28125,0.0
42.296875,0.0
42.3125,0.0
42.328125,0.01171875
42.34375,0.00390625
42.359375,0.00390625
42.375,0.00390625
42.390625,0.0
42.40625,0.0
42.421875,0.00390625
42.4375,0.0
42.453125,0.0
42.46875,0.01171875
42.484375,0.0
42.5,0.0
42.515625,0.0
42.53125,0.00390625
42.546875,0.0078125
42.5625,0.00390625
42.578125,0.0
42.59375,0.00390625
42.609375,0.0
42.625,-0.00390625
42.640625,0.00390625
42.65625,0.00390625
42.671875,0.0
42.6875,0.0
42.703125,0.0078125
42.71875,0.0078125
42.734375,0.0
42.75,0.0
42.765625,0.0
42.78125,0.00390625
42.796875,0.00390625
42.8125,0.00390625
42.828125,0.0078125
42.84375,0.00390625
42.859375,0.00390625
42.875,0.00390625
42.890625,0.0078125
42.90625,0.0
42.921875,0.00390625
42.9375,0.0078125
42.953125,0.0
42.96875,-0.00390625
42.984375,0.00390625
43.0,0.0
43.015625,0.0078125
43.03125,0.00390625
43.046875,0.00390625
43.0625,0.0
43.078125,0.0
43.09375,0.00390625
43.109375,-0.00390625
43.125,0.0078125
43.140625,0.0
43.15625,0.00390625
43.171875,0.0078125
43.1875,0.0
43.203125,0.00390625
43.21875,0.00390625
43.234375,0.00390625
43.25,-0.00390625
43.265625,0.0
43.28125,0.0
43.296875,0.00390625
43.3125,0.00390625
43.328125,-0.00390625
43.34375,0.00390625
43.359375,0.00390625
43.375,0.00390625
43.390625,-0.00390625
43.40625,0.00390625
43.421875,0.0
43.4375,0.01171875
43.453125,-0.00390625
43.46875,0.0078125
43.484375,-0.00390625
43.5,0.00390625
43.515625,0.0078125
43.53125,-0.0078125
43.546875,0.00390625
43.5625,0.0078125
43.578125,0.0078125
43.59375,0.00390625
43.609375,0.0
43.625,0.0
43.640625,0.0
43.65625,0.00390625
43.671875,0.00390625
43.6875,-0.00390625
43.703125,0.00390625
43.71875,0.00390625
43.734375,0.00390625
43.75,0.00390625
43.765625,0.0
43.78125,0.0078125
43.796875,0.00390625
43.8125,0.0078125
43.828125,-0.00390625
43.84375,0.00390625
43.859375,0.0078125
43.875,0.0
43.890625,0.0078125
43.90625,0.00390625
43.921875,0.0
43.9375,0.00390625
43.953125,0.0078125
43.96875,0.0
43.984375,0.0
44.0,0.00390625
44.015625,0.00390625
44.03125,-0.00390625
44.046875,0.0078125
44.0625,0.00390625
44.078125,0.00390625
44.09375,0.00390625
44.109375,0.00390625
44.125,0.0
44.140625,0.0078125
44.15625,0.0
44.171875,0.00390625
44.1875,0.00390625
44.203125,0.0
44.21875,0.0
44.234375,0.00390625
44.25,0.0078125
44.265625,0.00390625
44.28125,0.01171875
44.296875,0.0
44.3125,0.00390625
44.328125,0.00390625
44.34375,0.00390625
44.359375,-0.00390625
44.375,0.00390625
44.390625,0.0078125
44.40625,0.0
44.421875,0.0
44.4375,0.0078125
44.453125,0.00390625
44.46875,0.0
44.484375,0.0078125
44.5,0.00390625
44.515625,-0.00390625
44.53125,0.0078125
44.546875,0.0
44.5625,-0.00390625
44.578125,0.00390625
44.59375,0.0
44.609375,0.00390625
44.625,0.0
44.640625,0.0
44.65625,0.00390625
44.671875,0.0
44.6875,0.0
44.703125,0.0
44.71875,-0.00390625
44.734375,0.00390625
44.75,0.0
44.765625,-0.00390625
44.78125,0.00390625
44.796875,-0.00390625
44.8125,-0.00390625
44.828125,0.0
44.84375,0.00390625
44.859375,0.0
44.875,0.00390625
44.890625,0.01171875
44.90625,-0.00390625
44.921875,0.00390625
44.9375,0.00390625
44.953125,-0.00390625
44.96875,0.00390625
44.984375,0.0
45.0,0.0
45.015625,0.00390625
45.03125,0.00390625
45.046875,0.0
45.0625,0.00390625
45.078125,0.01171875
45.09375,-0.00390625
45.109375,0.0
45.125,0.00390625
45.140625,0.00390625
45.15625,0.0
45.171875,0.0
45.1875,0.00390625
45.203125,0.00390625
45.21875,0.00390625
45.234375,-0.00390625
45.25,0.00390625
45.265625,0.01171875
45.28125,0.00390625
45.296875,0.01171875
45.3125,0.00390625
45.328125,0.0
45.34375,0.0078125
45.359375,-0.00390625
45.375,0.0
45.390625,0.0
45.40625,0.00390625
45.421875,0.00390625
45.4375,0.00390625
45.453125,-0.00390625
45.46875,0.015625
45.484375,0.00390625
45.5,0.0
45.515625,0.0
45.53125,0.0078125
45.546875,0.0
45.5625,0.0
45.578125,0.00390625
45.59375,0.0
45.609375,-0.00390625
45.625,0.00390625
45.640625,0.0
45.65625,0.0
45.671875,0.0078125
45.6875,0.0
45.703125,0.00390625
45.71875,0.00390625
45.734375,0.0
45.75,0.00390625
45.765625,0.00390625
45.78125,0.0
45.796875,0.00390625
45.8125,0.00390625
45.828125,0.0
45.84375,0.00390625
45.859375,0.0
45.875,0.0078125
45.890625,0.0078125
45.90625,0.0078125
45.921875,0.00390625
45.9375,-0.00390625
45.953125,0.00390625
45.96875,0.00390625
45.984375,0.00390625
46.0,0.00390625
46.015625,0.0
46.03125,0.01171875
46.046875,0.00390625
46.0625,0.0
46.078125,0.0078125
46.09375,0.0
46.109375,0.00390625
46.125,0.0
46.140625,0.0
46.15625,0.00390625
46.171875,0.0
46.1875,0.0078125
46.203125,0.0
46.21875,0.0078125
46.234375,0.0
46.25,0.00390625
46.265625,0.00390625
46.28125,0.0
46.296875,0.0078125
46.3125,0.0078125
46.328125,-0.00390625
46.34375,0.0078125
46.359375,0.0
46.375,0.00390625
46.390625,0.00390625
46.40625,0.0
46.421875,0.0
46.4375,0.0078125
46.453125,0.0
46.46875,0.0
46.484375,0.0
46.5,0.01171875
46.515625,-0.0078125
46.53125,0.0
46.546875,0.0078125
46.5625,0.0
46.578125,0.0078125
46.59375,0.00390625
46.609375,0.0
46.625,0.0
46.640625,0.0078125
46.65625,0.00390625
46.671875,0.0
46.6875,0.0078125
46.703125,0.00390625
46.71875,0.00390625
46.734375,0.0078125
46.75,-0.00390625
46.765625,0.00390625
46.78125,0.0
46.796875,0.00390625
46.8125,0.0
46.828125,0.0078125
46.84375,0.0
46.859375,0.0
46.875,0.00390625
46.890625,0.00390625
46.90625,0.0078125
46.921875,0.0
46.9375,0.015625
46.953125,0.0
46.96875,0.0
46.984375,0.0078125
47.0,0.0
47.015625,0.0078125
47.03125,0.0078125
47.046875,0.0
47.0625,0.0078125
47.078125,0.00390625
47.09375,0.0
47.109375,0.00390625
47.125,0.00390625
47.140625,0.01171875
47.15625,-0.00390625
47.171875,0.00390625
47.1875,0.00390625
47.203125,0.00390625
47.21875,0.0078125
47.234375,0.0
47.25,0.00390625
47.265625,0.01171875
47.28125,0.00390625
47.296875,0.0
47.3125,0.0
47.328125,0.00390625
47.34375,0.00390625
47.359375,0.0
47.375,0.00390625
47.390625,0.00390625
47.40625,0.00390625
47.421875,0.00390625
47.4375,0.00390625
47.453125,0.00390625
47.46875,0.00390625
47.484375,0.00390625
47.5,0.0
47.515625,0.0078125
47.53125,0.0078125
47.546875,0.0
47.5625,0.00390625
47.578125,0.0078125
47.59375,0.0
47.609375,0.00390625
47.625,0.0
47.640625,0.0078125
47.65625,0.0
47.671875,0.0078125
47.6875,0.00390625
47.703125,-0.00390625
47.71875,0.00390625
47.734375,0.00390625
47.75,0.0
47.765625,0.0078125
47.78125,0.00390625
47.796875,-0.00390625
47.8125,0.0
47.828125,0.00390625
47.84375,0.0
47.859375,0.0
47.875,0.0
47.890625,0.0078125
47.90625,0.0
47.921875,0.00390625
47.9375,-0.00390625
47.953125,0.00390625
47.96875,0.01171875
47.984375,0.0078125
48.0,0.00390625
48.015625,0.01171875
48.03125,-0.00390625
48.046875,0.00390625
48.0625,0.0078125
48.078125,0.0
48.09375,0.00390625
48.109375,0.0078125
48.125,0.0078125
48.140625,0.00390625
48.15625,0.00390625
48.171875,0.0078125
48.1875,0.0
48.203125,0.0078125
48.21875,0.00390625
48.234375,0.0
48.25,0.0078125
48.265625,0.0078125
48.28125,-0.00390625
48.296875,0.00390625
48.3125,0.00390625
48.328125,0.0
48.34375,0.0
48.359375,0.00390625
48.375,-0.00390625
48.390625,0.00390625
48.40625,0.00390625
48.421875,0.0
48.4375,0.00390625
48.453125,0.0
48.46875,0.00390625
48.484375,0.0078125
48.5,0.0
48.515625,0.00390625
48.53125,0.0078125
48.546875,0.00390625
48.5625,0.00390625
48.578125,0.00390625
48.59375,0.0078125
48.609375,0.00390625
48.625,0.0
48.640625,0.0078125
48.65625,0.0078125
48.671875,0.00390625
48.6875,0.0
48.703125,0.0
48.71875,0.0078125
48.734375,0.0
48.75,0.0
48.765625,0.0
48.78125,0.0
48.796875,0.0
48.8125,0.00390625
48.828125,0.01171875
48.84375,0.00390625
48.859375,0.01171875
48.875,0.00390625
48.890625,0.0
48.90625,0.01171875
48.921875,-0.00390625
48.9375,0.0
48.953125,0.0
48.96875,0.00390625
48.984375,0.00390625
49.0,0.00390625
49.015625,0.00390625
49.03125,0.0078125
49.046875,0.00390625
49.0625,0.00390625
49.078125,0.00390625
49.09375,0.0
49.109375,0.0
49.125,0.00390625
49.140625,-0.00390625
49.15625,0.0078125
49.171875,0.0078125
49.1875,0.00390625
49.203125,0.00390625
49.21875,0.0078125
49.234375,0.00390625
49.25,0.0
49.265625,0.0078125
49.28125,0.00390625
49.296875,0.00390625
49.3125,0.00390625
49.328125,0.0078125
49.34375,0.0
49.359375,0.0
49.375,0.0
49.390625,0.01171875
49.40625,0.0
49.421875,0.01171875
49.4375,0.00390625
49.453125,0.00390625
49.46875,-0.00390625
49.484375,0.00390625
49.5,0.00390625
49.515625,-0.00390625
49.53125,0.00390625
49.546875,0.0078125
49.5625,0.0
49.578125,0.00390625
49.59375,0.00390625
49.609375,0.0
49.625,0.00390625
49.640625,0.00390625
49.65625,0.0
49.671875,0.0078125
49.6875,0.00390625
49.703125,-0.00390625
49.71875,0.00390625
49.734375,0.00390625
49.75,0.00390625
49.765625,0.00390625
49.78125,0.0
49.796875,0.0078125
49.8125,0.0078125
49.828125,0.0078125
49.84375,0.0
49.859375,0.0078125
49.875,0.0
49.890625,0.0078125
49.90625,0.0
49.921875,0.0078125
49.9375,0.00390625
49.953125,0.0
49.96875,0.00390625
49.984375,0.0
50.0,0.00390625
50.015625,0.0078125
50.03125,0.00390625
50.046875,0.0
50.0625,0.00390625
50.078125,0.00390625
50.09375,0.0
50.109375,0.00390625
50.125,0.0
50.140625,0.0
50.15625,0.00390625
50.171875,0.00390625
50.1875,0.00390625
50.203125,0.0078125
50.21875,0.0078125
50.234375,0.0
50.25,0.00390625
50.265625,0.0078125
50.28125,0.0078125
50.296875,0.00390625
50.3125,0.00390625
50.328125,0.0
50.34375,0.0
50.359375,0.00390625
50.375,0.0
50.390625,0.0
50.40625,0.0
50.421875,0.00390625
50.4375,0.00390625
50.453125,0.0
50.46875,0.00390625
50.484375,0.0
50.5,0.0
50.515625,0.00390625
50.53125,0.00390625
50.546875,0.00390625
50.5625,0.0
50.578125,0.00390625
50.59375,0.0
50.609375,0.0078125
50.625,0.00390625
50.640625,-0.00390625
50.65625,0.0
50.671875,0.0
50.6875,0.00390625
50.703125,0.0
50.71875,0.0
50.734375,0.00390625
50.75,0.0
50.765625,0.0
50.78125,0.0
50.796875,0.0
50.8125,0.0078125
50.828125,-0.0078125
50.84375,0.00390625
50.859375,0.0
50.875,0.0
50.890625,0.0078125
50.90625,-0.00390625
50.921875,0.0078125
50.9375,0.00390625
50.953125,0.00390625
50.96875,0.0078125
50.984375,0.0
51.0,0.0078125
51.015625,0.00390625
51.03125,0.0078125
51.046875,0.0078125
51.0625,0.0
51.078125,0.00390625
51.09375,0.0
51.109375,0.00390625
51.125,-0.00390625
51.140625,0.0078125
51.15625,0.0
51.171875,0.00390625
51.1875,0.0
51.203125,0.00390625
51.21875,0.0
51.234375,0.0
51.25,0.00390625
51.265625,0.00390625
51.28125,0.00390625
51.296875,0.01171875
51.3125,0.00390625
51.328125,0.00390625
51.34375,0.00390625
51.359375,0.00390625
51.375,0.0078125
51.390625,0.0078125
51.40625,0.0
51.421875,-0.00390625
51.4375,0.00390625
51.453125,0.00390625
51.46875,0.00390625
51.484375,0.0078125
51.5,0.0
51.515625,0.01171875
51.53125,0.00390625
51.546875,0.0078125
51.5625,-0.00390625
51.578125,0.0078125
51.59375,0.00390625
51.609375,0.0078125
51.625,0.0
51.640625,0.00390625
51.65625,0.0
51.671875,0.0
51.6875,0.00390625
51.703125,0.0
51.71875,0.0
51.734375,0.00390625
51.75,0.0078125
51.765625,0.0078125
51.78125,-0.00390625
51.796875,0.00390625
51.8125,0.00390625
51.828125,0.0078125
51.84375,0.0
51.859375,0.0
51.875,0.00390625
51.890625,0.0078125
51.90625,0.0
51.921875,0.00390625
51.9375,-0.00390625
51.953125,0.0078125
51.96875,0.0
51.984375,0.0078125
52.0,0.0
52.015625,0.01171875
52.03125,0.00390625
52.046875,0.00390625
52.0625,0.00390625
52.078125,0.0
52.09375,0.00390625
52.109375,0.00390625
52.125,0.0
52.140625,0.0078125
52.15625,0.0
52.171875,-0.00390625
52.1875,0.00390625
52.203125,0.0
52.21875,0.0
52.234375,0.00390625
52.25,0.0
52.265625,0.0078125
52.28125,0.00390625
52.296875,0.0
52.3125,0.00390625
52.328125,-0.00390625
52.34375,0.00390625
52.359375,0.00390625
52.375,0.00390625
52.390625,0.0
52.40625,0.0078125
52.421875,0.00390625
52.4375,0.0
52.453125,0.0078125
52.46875,0.0
52.484375,0.0
52.5,0.01171875
52.515625,0.0078125
52.53125,0.0
52.546875,0.00390625
52.5625,0.00390625
52.578125,0.00390625
52.59375,0.00390625
52.609375,0.0
52.625,0.00390625
52.640625,0.00390625
52.65625,0.0
52.671875,0.00390625
52.6875,0.00390625
52.703125,0.00390625
52.71875,0.00390625
52.734375,0.0078125
52.75,0.00390625
52.765625,0.00390625
52.78125,0.00390625
52.796875,0.00390625
52.8125,0.0078125
52.828125,0.0078125
52.84375,0.0
52.859375,0.0078125
52.875,0.00390625
52.890625,0.0
52.90625,0.00390625
52.921875,0.00390625
52.9375,0.0078125
52.953125,0.00390625
52.96875,0.0
52.984375,0.0078125
53.0,0.00390625
53.015625,0.00390625
53.03125,0.0078125
53.046875,0.0
53.0625,0.00390625
53.078125,0.0
53.09375,0.00390625
53.109375,0.00390625
53.125,0.0
53.140625,0.00390625
53.15625,-0.00390625
53.171875,0.0078125
53.1875,0.0
53.203125,0.00390625
53.21875,0.0
53.234375,0.00390625
53.25,0.0
53.265625,-0.00390625
53.28125,0.00390625
53.296875,0.00390625
53.3125,0.0
53.328125,0.0
53.34375,0.01171875
53.359375,0.0
53.375,0.00390625
53.390625,0.0
53.40625,0.00390625
53.421875,0.0
53.4375,0.0
53.453125,0.0
53.46875,0.0
53.484375,0.00390625
53.5,0.00390625
53.515625,0.0
53.53125,0.01171875
53.546875,0.0
53.5625,0.00390625
53.578125,0.00390625
53.59375,0.0
53.609375,0.00390625
53.625,0.00390625
53.640625,0.0078125
53.65625,0.0
53.671875,0.00390625
53.6875,0.00390625
53.703125,0.00390625
53.71875,0.0
53.734375,0.0
53.75,0.00390625
53.765625,0.0078125
53.78125,0.0
53.796875,0.00390625
53.8125,0.0
53.828125,0.00390625
53.84375,0.00390625
53.859375,0.00390625
53.875,-0.00390625
53.890625,0.00390625
53.90625,0.0
53.921875,0.00390625
53.9375,0.0078125
53.953125,0.0078125
53.96875,0.00390625
53.984375,0.00390625
54.0,0.0
54.015625,0.0
54.03125,0.0
54.046875,0.0
54.0625,0.0078125
54.078125,0.0
54.09375,0.00390625
54.109375,0.0
54.125,0.0
54.140625,-0.00390625
54.15625,0.00390625
54.171875,0.00390625
54.1875,0.0078125
54.203125,0.0078125
54.21875,-0.00390625
54.234375,0.00390625
54.25,0.0
54.265625,0.0
54.28125,0.00390625
54.296875,-0.00390625
54.3125,0.00390625
54.328125,0.00390625
54.34375,0.0
54.359375,0.00390625
54.375,0.0
54.390625,0.0
54.40625,0.00390625
54.421875,0.00390625
54.4375,-0.00390625
54.453125,0.0
54.46875,0.0
54.484375,0.00390625
54.5,0.00390625
54.515625,0.00390625
54.53125,0.0
54.546875,0.0078125
54.5625,0.0
54.578125,-0.00390625
54.59375,0.0078125
54.609375,0.0
54.625,0.0
54.640625,0.0
54.65625,-0.00390625
54.671875,0.0
54.6875,0.0078125
54.703125,0.0
54.71875,0.0
54.734375,-0.00390625
54.75,0.00390625
54.765625,0.00390625
54.78125,0.0
54.796875,-0.00390625
54.8125,0.0
54.828125,0.0078125
54.84375,0.00390625
54.859375,0.0078125
54.875,-0.00390625
54.890625,0.0
54.90625,0.01171875
54.921875,0.0
54.9375,-0.00390625
54.953125,0.0
54.96875,0.00390625
54.984375,0.0
55.0,0.00390625
55.015625,0.0
55.03125,0.00390625
55.046875,0.00390625
55.0625,0.00390625
55.078125,-0.00390625
55.09375,0.0078125
55.109375,-0.00390625
55.125,0.0
55.140625,0.0078125
55.15625,0.00390625
55.171875,-0.00390625
55.1875,0.0
55.203125,0.0078125
55.21875,-0.0078125
55.234375,0.0078125
55.25,0.0
55.265625,0.0
55.28125,0.00390625
55.296875,0.0
55.3125,0.00390625
55.328125,0.0
55.34375,0.00390625
55.359375,-0.00390625
55.375,0.0
55.390625,0.0078125
55.40625,0.00390625
55.421875,0.0
55.4375,0.00390625
55.453125,0.0078125
55.46875,0.0
55.484375,0.0
55.5,0.00390625
55.515625,0.0
55.53125,0.0
55.546875,0.0078125
55.5625,0.0
55.578125,0.00390625
55.59375,0.00390625
55.609375,-0.00390625
55.625,0.0078125
55.640625,0.0
55.65625,0.0078125
55.671875,0.0
55.6875,0.00390625
55.703125,0.00390625
55.71875,0.00390625
55.734375,0.0078125
55.75,0.00390625
55.765625,0.00390625
55.78125,0.00390625
55.796875,-0.00390625
55.8125,0.00390625
55.828125,0.0
55.84375,0.0
55.859375,0.0078125
55.875,0.00390625
55.890625,0.0
55.90625,0.00390625
55.921875,0.0
55.9375,0.0
55.953125,0.0
55.96875,0.0
55.984375,0.0078125
56.0,0.0
56.015625,0.00390625
56.03125,0.00390625
56.046875,0.0
56.0625,0.00390625
56.078125,0.01171875
56.09375,0.0
56.109375,0.0
56.125,0.0
56.140625,0.00390625
56.15625,0.00390625
56.171875,0.00390625
56.1875,0.0
56.203125,0.00390625
56.21875,0.00390625
56.234375,-0.00390625
56.25,0.0078125
56.265625,0.0078125
56.28125,0.0
56.296875,0.0078125
56.3125,0.0078125
56.328125,0.0
56.34375,0.01171875
56.359375,0.00390625
56.375,0.00390625
56.390625,0.00390625
56.40625,0.0
56.421875,0.0078125
56.4375,0.0078125
56.453125,0.00390625
56.46875,0.00390625
56.484375,0.0
56.5,0.00390625
56.515625,0.00390625
56.53125,0.0
56.546875,0.0
56.5625,0.00390625
56.578125,0.00390625
56.59375,0.0
56.609375,0.0
56.625,0.00390625
56.640625,0.00390625
56.65625,0.00390625
56.671875,0.0
56.6875,0.0
56.703125,0.00390625
56.71875,0.0078125
56.734375,0.0
56.75,0.0
56.765625,0.0
56.78125,0.00390625
56.796875,0.0
56.8125,0.0078125
56.828125,-0.0078125
56.84375,0.0078125
56.859375,-0.00390625
56.875,0.00390625
56.890625,0.0078125
56.90625,0.0
56.921875,0.00390625
56.9375,0.0
56.953125,0.0
56.96875,0.00390625
56.984375,0.0
57.0,0.00390625
57.015625,-0.00390625
57.03125,0.0078125
57.046875,0.0
57.0625,0.00390625
57.078125,0.00390625
57.09375,0.0078125
57.109375,0.0
57.125,0.00390625
57.140625,0.0
57.15625,0.00390625
57.171875,0.00390625
57.1875,0.00390625
57.203125,0.0078125
57.21875,0.0
57.234375,0.0
57.25,0.0
57.265625,0.0078125
57.28125,0.00390625
57.296875,0.00390625
57.3125,0.0078125
57.328125,0.00390625
57.34375,0.00390625
57.359375,0.0
57.375,0.00390625
57.390625,0.00390625
57.40625,0.00390625
57.421875,0.00390625
57.4375,0.00390625
57.453125,0.00390625
57.46875,0.0078125
57.484375,0.00390625
57.5,0.0
57.515625,-0.00390625
57.53125,0.00390625
57.546875,0.0078125
57.5625,0.0
57.578125,0.00390625
57.59375,0.0
57.609375,0.0
57.625,0.00390625
57.640625,0.00390625
57.65625,0.0078125
57.671875,0.0
57.6875,0.01171875
57.703125,0.0
57.71875,0.00390625
57.734375,0.00390625
57.75,0.0078125
57.765625,0.00390625
57.78125,0.0
57.796875,0.00390625
57.8125,0.00390625
57.828125,0.00390625
57.84375,0.00390625
57.859375,0.0
57.875,0.01171875
57.890625,0.00390625
57.90625,0.00390625
57.921875,-0.00390625
57.9375,0.00390625
57.953125,0.00390625
57.96875,0.0
57.984375,0.0078125
58.0,0.0
58.015625,0.0078125
58.03125,0.00390625
58.046875,0.00390625
58.0625,0.0
58.078125,0.0
58.09375,0.0078125
58.109375,0.0
58.125,0.00390625
58.140625,0.0078125
58.15625,-0.00390625
58.171875,0.0078125
58.1875,0.00390625
58.203125,-0.00390625
58.21875,0.0
58.234375,0.00390625
58.25,-0.00390625
58.265625,0.00390625
58.28125,0.00390625
58.296875,-0.00390625
58.3125,0.0
58.328125,0.00390625
58.34375,0.0
58.359375,-0.00390625
58.375,0.0
58.390625,-0.00390625
58.40625,0.0
58.421875,0.00390625
58.4375,-0.00390625
58.453125,0.0
58.46875,0.0
58.484375,0.0078125
58.5,0.00390625
58.515625,0.0
58.53125,0.0078125
58.546875,0.0
58.5625,0.0078125
58.578125,0.0
58.59375,0.0
58.609375,-0.00390625
58.625,0.0078125
58.640625,0.00390625
58.65625,0.0078125
58.671875,0.00390625
58.6875,0.0
58.703125,0.0
58.71875,0.0078125
58.734375,0.0078125
58.75,0.0
58.765625,0.0
58.78125,0.00390625
58.796875,0.0
58.8125,0.0
58.828125,0.0078125
58.84375,0.00390625
58.859375,0.00390625
58.875,0.0078125
58.890625,0.00390625
58.90625,0.00390625
58.921875,0.01171875
58.9375,0.00390625
58.953125,0.00390625
58.96875,0.00390625
58.984375,0.0
59.0,0.0
59.015625,0.00390625
59.03125,0.00390625
59.046875,0.0
59.0625,0.00390625
59.078125,0.0
59.09375,0.00390625
59.109375,0.0
59.125,0.0
59.140625,0.00390625
59.15625,0.00390625
59.171875,0.0
59.1875,0.00390625
59.203125,0.0
59.21875,0.00390625
59.234375,0.00390625
59.25,0.0078125
59.265625,0.0078125
59.28125,0.00390625
59.296875,0.0
59.3125,0.0
59.328125,0.00390625
59.34375,0.0078125
59.359375,0.0
59.375,0.0078125
59.390625,0.0
59.40625,0.00390625
59.421875,0.00390625
59.4375,0.00390625
59.453125,0.0078125
59.46875,0.0078125
59.484375,0.0
59.5,0.00390625
59.515625,0.00390625
59.53125,0.00390625
59.546875,0.0
59.5625,0.0078125
59.578125,0.0
59.59375,0.0
59.609375,0.0078125
59.625,0.0078125
59.640625,0.00390625
59.65625,0.00390625
59.671875,0.0
59.6875,0.00390625
59.703125,0.00390625
59.71875,0.00390625
59.734375,0.0078125
59.75,0.0
59.765625,0.0
59.78125,0.0078125
59.796875,0.00390625
59.8125,0.01171875
59.828125,0.0
59.84375,0.00390625
59.859375,0.0078125
59.875,0.00390625
59.890625,0.0
59.90625,0.01171875
59.921875,-0.00390625
59.9375,0.0078125
59.953125,0.00390625
59.96875,0.00390625
59.984375,0.00390625
60.0,0.00390625
60.015625,0.00390625
60.03125,0.0
60.046875,0.00390625
60.0625,0.00390625
60.078125,0.0
60.09375,0.00390625
60.109375,0.01171875
60.125,0.00390625
60.140625,0.0
60.15625,0.00390625
60.171875,0.0
60.1875,0.00390625
60.203125,0.0
60.21875,0.0
60.234375,0.00390625
60.25,0.00390625
60.265625,0.00390625
60.28125,0.01171875
60.296875,0.00390625
60.3125,0.0078125
60.328125,0.0
60.34375,0.0
60.359375,0.0
60.375,0.00390625
60.390625,0.00390625
60.40625,0.0078125
60.421875,0.0
60.4375,0.00390625
60.453125,0.00390625
60.46875,0.0
60.484375,0.0
60.5,0.00390625
60.515625,0.00390625
60.53125,0.0
60.546875,0.0
60.5625,0.01171875
60.578125,0.0
60.59375,0.0078125
60.609375,0.0
60.625,0.00390625
60.640625,0.00390625
60.65625,0.0
60.671875,0.00390625
60.6875,0.00390625
60.703125,-0.00390625
60.71875,0.01171875
60.734375,0.0
60.75,0.0
60.765625,0.00390625
60.78125,0.00390625
60.796875,0.0
60.8125,0.0078125
60.828125,0.0
60.84375,0.00390625
60.859375,0.00390625
60.875,0.0078125
60.890625,0.0
60.90625,0.00390625
60.921875,0.0
60.9375,0.0
60.953125,0.00390625
60.96875,0.0078125
60.984375,0.00390625
61.0,0.0
61.015625,0.00390625
61.03125,0.0
61.046875,0.0
61.0625,0.0078125
61.078125,0.0
61.09375,-0.00390625
61.109375,0.0
61.125,0.0
61.140625,0.0
61.15625,0.0
61.171875,0.0
61.1875,0.0
61.203125,0.00390625
61.21875,0.00390625
61.234375,0.00390625
61.25,-0.00390625
61.265625,0.0078125
61.28125,0.01171875
61.296875,0.00390625
61.3125,0.0078125
61.328125,0.0078125
61.34375,0.00390625
61.359375,0.01171875
61.375,-0.00390625
61.390625,0.0
61.40625,0.00390625
61.421875,0.0
61.4375,0.0078125
61.453125,0.0
61.46875,0.0078125
61.484375,0.0078125
61.5,0.0
61.515625,0.0078125
61.53125,0.0
61.546875,0.00390625
61.5625,-0.00390625
61.578125,0.0
61.59375,0.0
61.609375,0.0
61.625,0.00390625
61.640625,0.0
61.65625,0.0078125
61.671875,0.0
61.6875,0.00390625
61.703125,0.0078125
61.71875,-0.00390625
61.734375,0.0078125
61.75,0.00390625
61.765625,0.0
61.78125,0.00390625
61.796875,0.0078125
61.8125,0.0
61.828125,0.0078125
61.84375,-0.00390625
61.859375,0.0078125
61.875,0.0
61.890625,0.0
61.90625,0.0
61.921875,-0.00390625
61.9375,0.00390625
61.953125,0.00390625
61.96875,0.0078125
61.984375,0.00390625
62.0,-0.00390625
62.015625,0.0
62.03125,0.01171875
62.046875,0.0
62.0625,-0.0078125
62.078125,0.00390625
62.09375,0.0
62.109375,0.0
62.125,0.0
62.140625,0.0
62.15625,-0.00390625
62.171875,0.0
62.1875,-0.00390625
62.203125,0.0078125
62.21875,-0.0078125
62.234375,0.0
62.25,0.01171875
62.265625,-0.00390625
62.28125,0.0078125
62.296875,0.00390625
62.3125,0.00390625
62.328125,0.0
62.34375,0.0078125
62.359375,0.0
62.375,0.0
62.390625,0.00390625
62.40625,0.0
62.421875,0.00390625
62.4375,0.0
62.453125,0.00390625
62.46875,0.00390625
62.484375,-0.00390625
62.5,0.00390625
62.515625,0.0078125
62.53125,0.00390625
62.546875,0.00390625
62.5625,0.0
62.578125,0.0
62.59375,0.0
62.609375,0.0078125
62.625,0.0
62.640625,-0.00390625
62.65625,0.0
62.671875,0.00390625
62.6875,0.00390625
62.703125,0.0
62.71875,0.00390625
62.734375,0.00390625
62.75,-0.00390625
62.765625,0.01171875
62.78125,0.0
62.796875,0.0
62.8125,0.0078125
62.828125,-0.00390625
62.84375,0.00390625
62.859375,0.0
62.875,0.00390625
62.890625,-0.00390625
62.90625,0.00390625
62.921875,0.00390625
62.9375,0.01171875
62.953125,-0.00390625
62.96875,0.0
62.984375,0.0
63.0,0.00390625
63.015625,0.00390625
63.03125,0.00390625
63.046875,-0.00390625
63.0625,0.0
63.078125,0.0
63.09375,0.0
63.109375,-0.00390625
63.125,0.015625
63.140625,-0.00390625
63.15625,0.00390625
63.171875,0.0
63.1875,0.00390625
63.203125,0.00390625
63.21875,0.01171875
63.234375,0.0
63.25,0.0
63.265625,0.00390625
63.28125,0.0
63.296875,0.00390625
63.3125,0.0078125
63.328125,0.00390625
63.34375,0.00390625
63.359375,0.00390625
63.375,0.00390625
63.390625,0.0078125
63.40625,0.0078125
63.421875,0.0078125
63.4375,0.0078125
63.453125,0.00390625
63.46875,0.0078125
63.484375,0.0
63.5,0.0078125
63.515625,0.0078125
63.53125,0.00390625
63.546875,0.00390625
63.5625,0.00390625
63.578125,0.0
63.59375,0.00390625
63.609375,0.0078125
63.625,0.00390625
63.640625,0.00390625
63.65625,0.00390625
63.671875,0.0
63.6875,0.0
63.703125,0.0
63.71875,0.0
63.734375,0.00390625
63.75,0.0
63.765625,0.01171875
63.78125,0.0
63.796875,0.00390625
63.8125,0.00390625
63.828125,0.00390625
63.84375,0.01171875
63.859375,0.0
63.875,0.0
63.890625,0.0078125
63.90625,0.0
63.921875,0.0078125
63.9375,0.00390625
63.953125,0.0
63.96875,0.00390625
63.984375,0.0
64.0,0.0078125
64.015625,-0.00390625
64.03125,0.0
64.046875,0.00390625
64.0625,0.0078125
64.078125,0.0
64.09375,0.00390625
64.109375,0.0078125
64.125,0.0
64.140625,0.0078125
64.15625,-0.00390625
64.171875,-0.00390625
64.1875,0.0078125
64.203125,-0.00390625
64.21875,0.00390625
64.234375,0.0078125
64.25,0.0
64.265625,0.0078125
64.28125,0.0
64.296875,0.00390625
64.3125,0.0
64.328125,0.0
64.34375,-0.00390625
64.359375,0.0
64.375,0.00390625
64.390625,0.00390625
64.40625,0.0078125
64.421875,0.0
64.4375,0.0078125
64.453125,0.00390625
64.46875,0.0078125
64.484375,0.00390625
64.5,0.0
64.515625,0.0
64.53125,0.00390625
64.546875,-0.00390625
64.5625,-0.00390625
64.578125,0.0
64.59375,0.00390625
64.609375,0.0
64.625,0.0
64.640625,0.0078125
64.65625,0.0
64.671875,0.00390625
64.6875,0.00390625
64.703125,0.01171875
64.71875,0.00390625
64.734375,0.00390625
64.75,0.0078125
64.765625,-0.00390625
64.78125,0.01171875
64.796875,0.00390625
64.8125,0.00390625
64.828125,0.0078125
64.84375,0.0
64.859375,0.00390625
64.875,0.0
64.890625,0.00390625
64.90625,0.0
64.921875,0.00390625
64.9375,0.0078125
64.953125,0.0
64.96875,0.0078125
64.984375,0.0
65.0,0.00390625
65.015625,0.0078125
65.03125,0.0078125
65.046875,0.0
65.0625,0.0078125
65.078125,0.00390625
65.09375,0.0078125
65.109375,0.00390625
65.125,0.0
65.140625,0.0
65.15625,0.00390625
65.171875,0.0078125
65.1875,0.0
65.203125,0.00390625
65.21875,0.00390625
65.234375,-0.00390625
65.25,0.0
65.265625,0.00390625
65.28125,-0.00390625
65.296875,0.00390625
65.3125,0.0
65.328125,0.0078125
65.34375,0.0
65.359375,0.00390625
65.375,0.0
65.390625,0.0
65.40625,0.00390625
65.421875,0.0
65.4375,0.00390625
65.453125,0.00390625
65.46875,0.00390625
65.484375,0.0
65.5,0.0078125
65.515625,0.00390625
65.53125,0.00390625
65.546875,0.00390625
65.5625,0.0078125
65.578125,0.0
65.59375,0.00390625
65.609375,0.0
65.625,0.0078125
65.640625,0.0
65.65625,0.0078125
65.671875,0.00390625
65.6875,0.0
65.703125,0.0078125
65.71875,0.00390625
65.734375,-0.0078125
65.75,0.0
65.765625,0.00390625
65.78125,0.0
65.796875,0.0
65.8125,0.0
65.828125,0.00390625
65.84375,0.00390625
65.859375,0.00390625
65.875,0.0
65.890625,0.0
65.90625,0.01171875
65.921875,0.0
65.9375,0.0
65.953125,0.0
65.96875,0.01171875
65.984375,-0.00390625
66.0,0.0078125
66.015625,0.0
66.03125,0.00390625
66.046875,0.0
66.0625,0.00390625
66.078125,0.0
66.09375,0.0078125
66.109375,0.0
66.125,0.0
66.140625,-0.00390625
66.15625,0.00390625
66.171875,0.00390625
66.1875,0.00390625
66.203125,0.0
66.21875,0.0078125
66.234375,0.0
66.25,0.00390625
66.265625,0.0078125
66.28125,-0.00390625
66.296875,0.00390625
66.3125,0.0
66.328125,0.0
66.34375,0.00390625
66.359375,0.0078125
66.375,0.0
66.390625,0.0
66.40625,0.0078125
66.421875,-0.00390625
66.4375,0.00390625
66.453125,0.00390625
66.46875,0.0078125
66.484375,0.00390625
66.5,0.00390625
66.515625,0.00390625
66.53125,0.0078125
66.546875,0.0078125
66.5625,-0.0078125
66.578125,0.0
66.59375,0.0078125
66.609375,0.0
66.625,0.0
66.640625,0.01171875
66.65625,-0.00390625
66.671875,0.00390625
66.6875,0.0078125
66.703125,0.0
66.71875,0.0
66.734375,0.01171875
66.75,0.0078125
66.765625,0.0
66.78125,0.0
66.796875,0.00390625
66.8125,-0.00390625
66.828125,0.0078125
66.84375,0.0078125
66.859375,-0.00390625
66.875,0.0
66.890625,0.00390625
66.90625,0.0
66.921875,0.0
66.9375,0.0
66.953125,0.0
66.96875,0.00390625
66.984375,0.00390625
67.0,-0.00390625
67.015625,-0.00390625
67.03125,0.0078125
67.046875,0.00390625
67.0625,0.00390625
67.078125,0.00390625
67.09375,0.0
67.109375,0.0
67.125,0.00390625
67.140625,0.0
67.15625,0.0078125
67.171875,0.0
67.1875,0.00390625
67.203125,0.00390625
67.21875,0.00390625
67.234375,0.00390625
67.25,0.0078125
67.265625,0.0
67.28125,0.0078125
67.296875,-0.00390625
67.3125,0.00390625
67.328125,0.0
67.34375,0.00390625
67.359375,0.0078125
67.375,0.0
67.390625,0.0
67.40625,0.00390625
67.421875,0.0
67.4375,0.00390625
67.453125,0.0
67.46875,0.0
67.484375,0.0
67.5,0.0
67.515625,0.0
67.53125,0.0
67.546875,0.00390625
67.5625,0.00390625
67.578125,0.0
67.59375,0.0078125
67.609375,0.0078125
67.625,0.0
67.640625,0.00390625
67.65625,0.00390625
67.671875,0.0078125
67.6875,0.0
67.703125,0.0078125
67.71875,0.00390625
67.734375,0.00390625
67.75,0.0
67.765625,0.00390625
67.78125,-0.00390625
67.796875,0.00390625
67.8125,0.00390625
67.828125,0.0
67.84375,0.0078125
67.859375,0.0
67.875,0.0078125
67.890625,0.00390625
67.90625,0.0078125
67.921875,0.0
67.9375,0.00390625
67.953125,0.00390625
67.96875,0.00390625
67.984375,0.00390625
68.0,0.0
68.015625,0.01171875
68.03125,-0.00390625
68.046875,0.0078125
68.0625,0.0078125
68.078125,0.0
68.09375,0.00390625
68.109375,0.00390625
68.125,0.0
68.140625,0.00390625
68.15625,0.01171875
68.171875,0.0
68.1875,0.00390625
68.203125,0.00390625
68.21875,0.0
68.234375,0.00390625
68.25,0.0
68.265625,0.0078125
68.28125,-0.00390625
68.296875,0.00390625
68.3125,0.0078125
68.328125,0.0
68.34375,0.0078125
68.359375,0.0078125
68.375,0.00390625
68.390625,0.00390625
68.40625,0.00390625
68.421875,0.00390625
68.4375,0.0
68.453125,0.00390625
68.46875,0.00390625
68.484375,0.0
68.5,0.00390625
68.515625,0.00390625
68.53125,0.00390625
68.546875,0.0
68.5625,0.0
68.578125,0.00390625
68.59375,0.00390625
68.609375,0.00390625
68.625,0.00390625
68.640625,-0.00390625
68.65625,0.00390625
68.671875,0.00390625
68.6875,0.0
68.703125,0.0
68.71875,0.0
68.734375,0.00390625
68.75,0.00390625
68.765625,0.00390625
68.78125,-0.00390625
68.796875,0.0
68.8125,0.00390625
68.828125,0.00390625
68.84375,0.0
68.859375,0.0
68.875,-0.00390625
68.890625,0.01171875
68.90625,0.00390625
68.921875,-0.00390625
68.9375,0.00390625
68.953125,0.01171875
68.96875,0.0078125
68.984375,0.0
69.0,0.0078125
69.015625,0.0
69.03125,0.00390625
69.046875,0.0078125
69.0625,0.0
69.078125,0.00390625
69.09375,-0.00390625
69.109375,0.00390625
69.125,0.00390625
69.140625,0.00390625
69.15625,0.0
69.171875,0.0
69.1875,0.0
69.203125,0.00390625
69.21875,0.00390625
69.234375,0.0
69.25,0.00390625
69.265625,0.0
69.28125,0.0078125
69.296875,0.0
69.3125,0.0
69.328125,0.0078125
69.34375,0.00390625
69.359375,0.00390625
69.375,0.0078125
69.390625,-0.00390625
69.40625,0.0
69.421875,0.015625
69.4375,-0.00390625
69.453125,0.0078125
69.46875,0.00390625
69.484375,0.0
69.5,0.0
69.515625,0.0078125
69.53125,-0.00390625
69.546875,0.0
69.5625,0.00390625
69.578125,0.00390625
69.59375,0.0
69.609375,0.01171875
69.625,0.0
69.640625,0.0078125
69.65625,0.0078125
69.671875,-0.0078125
69.6875,-0.00390625
69.703125,0.00390625
69.71875,0.0078125
69.734375,0.0078125
69.75,-0.0078125
69.765625,0.00390625
69.78125,0.00390625
69.796875,0.00390625
69.8125,0.0
69.828125,0.0
69.84375,0.00390625
69.859375,0.0078125
69.875,0.00390625
69.890625,0.0
69.90625,0.0
69.921875,0.0078125
69.9375,0.0
69.953125,0.0
69.96875,0.00390625
69.984375,-0.00390625
70.0,0.00390625
70.015625,0.00390625
70.03125,0.0078125
70.046875,0.0
70.0625,0.00390625
70.078125,0.00390625
70.09375,0.0
70.109375,0.0
70.125,0.0
70.140625,0.0
70.15625,0.0078125
70.171875,0.00390625
70.1875,0.0
70.203125,0.00390625
70.21875,0.00390625
70.234375,0.0
70.25,0.0078125
70.265625,0.0078125
70.28125,0.00390625
70.296875,-0.00390625
70.3125,0.0
70.328125,0.00390625
70.34375,0.0078125
70.359375,0.00390625
70.375,0.0078125
70.390625,0.0
70.40625,0.0078125
70.421875,0.0078125
70.4375,-0.0078125
70.453125,0.0
70.46875,0.0078125
70.484375,0.00390625
70.5,0.0
70.515625,0.0078125
70.53125,0.0078125
70.546875,0.00390625
70.5625,0.00390625
70.578125,-0.00390625
70.59375,0.0078125
70.609375,0.00390625
70.625,0.0
70.640625,0.0078125
70.65625,0.0
70.671875,0.0
70.6875,0.0078125
70.703125,0.0078125
70.71875,0.00390625
70.734375,0.00390625
70.75,0.0078125
70.765625,0.0
70.78125,0.00390625
70.796875,0.0078125
70.8125,0.0
70.828125,0.0
70.84375,0.0078125
70.859375,0.0
70.875,0.00390625
70.890625,0.00390625
70.90625,0.0
70.921875,0.00390625
70.9375,0.00390625
70.953125,0.0
70.96875,0.0078125
70.984375,0.0078125
71.0,0.0
71.015625,0.0
71.03125,0.01171875
71.046875,0.0
71.0625,0.0
71.078125,0.00390625
71.09375,0.0078125
71.109375,0.0
71.125,0.0
71.140625,0.0078125
71.15625,0.0
71.171875,-0.00390625
71.1875,0.00390625
71.203125,0.00390625
71.21875,0.0078125
71.234375,0.00390625
71.25,0.00390625
71.265625,0.00390625
71.28125,0.0
71.296875,0.0078125
71.3125,0.0
71.328125,0.0
71.34375,0.00390625
71.359375,0.00390625
71.375,0.0
71.390625,0.00390625
71.40625,0.0
71.421875,0.00390625
71.4375,0.01171875
71.453125,-0.00390625
71.46875,0.00390625
71.484375,0.0078125
71.5,0.0
71.515625,0.00390625
71.53125,0.00390625
71.546875,0.0
71.5625,0.00390625
71.578125,0.00390625
71.59375,0.0078125
71.609375,-0.00390625
71.625,0.00390625
71.640625,0.00390625
71.65625,0.0
71.671875,0.0078125
71.6875,0.0
71.703125,0.0
71.71875,0.00390625
71.734375,0.0078125
71.75,-0.00390625
71.765625,0.00390625
71.78125,0.01171875
71.796875,0.0
71.8125,0.0
71.828125,0.00390625
71.84375,0.0
71.859375,0.00390625
71.875,0.0
71.890625,-0.00390625
71.90625,0.00390625
71.921875,0.0078125
71.9375,0.00390625
71.953125,0.00390625
71.96875,0.0
71.984375,0.0078125
72.0,0.0
72.015625,0.00390625
72.03125,0.00390625
72.046875,0.0
72.0625,0.01171875
72.078125,0.0
72.09375,0.00390625
72.109375,-0.00390625
72.125,0.01171875
72.140625,0.0078125
72.15625,0.0
72.171875,0.0
72.1875,0.0078125
72.203125,0.00390625
72.21875,0.00390625
72.234375,0.00390625
72.25,0.0
72.265625,0.0
72.28125,0.00390625
72.296875,0.0
72.3125,0.0
72.328125,0.00390625
72.34375,0.0
72.359375,0.00390625
72.375,0.0
72.390625,0.0
72.40625,0.0078125
72.421875,0.00390625
72.4375,0.00390625
72.453125,0.0
72.46875,0.0078125
72.484375,0.00390625
72.5,0.0
72.515625,0.00390625
72.53125,0.0
72.546875,-0.00390625
72.5625,0.00390625
72.578125,0.00390625
72.59375,0.00390625
72.609375,0.0
72.625,0.00390625
72.640625,0.0
72.65625,0.0
72.671875,0.01171875
72.6875,0.0
72.703125,0.00390625
72.71875,0.0
72.734375,0.00390625
72.75,-0.00390625
72.765625,0.0
72.78125,0.0078125
72.796875,0.0078125
72.8125,0.00390625
72.828125,0.00390625
72.84375,0.00390625
72.859375,0.01171875
72.875,0.00390625
72.890625,0.0
72.90625,0.00390625
72.921875,0.0
72.9375,0.00390625
72.953125,0.00390625
72.96875,0.00390625
72.984375,-0.00390625
73.0,0.0078125
73.015625,0.0
73.03125,0.0078125
73.046875,0.0078125
73.0625,0.00390625
73.078125,0.00390625
73.09375,0.01171875
73.109375,0.00390625
73.125,0.00390625
73.140625,0.0
73.15625,0.00390625
73.171875,0.00390625
73.1875,0.00390625
73.203125,0.0078125
73.21875,0.0
73.234375,0.0078125
73.25,0.00390625
73.265625,0.00390625
73.28125,0.0
73.296875,0.0
73.3125,0.0
73.328125,0.0078125
73.34375,0.0
73.359375,0.00390625
73.375,0.00390625
73.390625,0.0078125
73.40625,0.00390625
73.421875,0.0
73.4375,0.0078125
73.453125,0.00390625
73.46875,0.0
73.484375,0.0078125
73.5,-0.00390625
73.515625,0.01171875
73.53125,0.00390625
73.546875,0.0
73.5625,-0.00390625
73.578125,0.01171875
73.59375,0.0
73.609375,0.0
73.625,0.00390625
73.640625,0.00390625
73.65625,0.00390625
73.671875,0.00390625
73.6875,0.0
73.703125,0.00390625
73.71875,0.0
73.734375,0.00390625
73.75,0.0
73.765625,0.0
73.78125,0.0078125
73.796875,0.00390625
73.8125,0.0
73.828125,0.00390625
73.84375,0.00390625
73.859375,0.0
73.875,0.00390625
73.890625,0.0
73.90625,0.00390625
73.921875,0.0
73.9375,0.0078125
73.953125,0.0
73.96875,0.00390625
73.984375,0.00390625
74.0,0.0
74.015625,0.0
74.03125,0.00390625
74.046875,0.00390625
74.0625,0.00390625
74.078125,0.00390625
74.09375,0.0
74.109375,0.0
74.125,0.00390625
74.140625,0.0
74.15625,0.0
74.171875,0.0078125
74.1875,0.0
74.203125,0.00390625
74.21875,0.00390625
74.234375,0.00390625
74.25,0.0
74.265625,0.0
74.28125,0.00390625
74.296875,0.0078125
74.3125,0.0
74.328125,0.00390625
74.34375,0.00390625
74.359375,0.0078125
74.375,0.00390625
74.390625,0.0
74.40625,0.00390625
74.421875,0.00390625
74.4375,0.0
74.453125,0.0
74.46875,0.0078125
74.484375,0.0
74.5,0.0
74.515625,0.0078125
74.53125,0.01171875
74.546875,0.0
74.5625,0.0
74.578125,0.00390625
74.59375,0.0
74.609375,0.00390625
74.625,0.00390625
74.640625,0.00390625
74.65625,0.00390625
74.671875,-0.00390625
74.6875,0.0078125
74.703125,0.00390625
74.71875,0.00390625
74.734375,0.0
74.75,0.0
74.765625,0.00390625
74.78125,-0.00390625
74.796875,-0.00390625
74.8125,0.0
74.828125,-0.00390625
74.84375,0.0
74.859375,0.0078125
74.875,0.0
74.890625,0.00390625
74.90625,0.0
74.921875,0.00390625
74.9375,0.00390625
74.953125,-0.00390625
74.96875,0.01171875
74.984375,0.0
75.0,0.0078125
75.015625,-0.00390625
75.03125,0.00390625
75.046875,0.0
75.0625,0.00390625
75.078125,0.00390625
75.09375,0.00390625
75.109375,0.0078125
75.125,0.0
75.140625,0.00390625
75.15625,0.0
75.171875,0.0
75.1875,0.00390625
75.203125,0.00390625
75.21875,0.00390625
75.234375,0.00390625
75.25,0.00390625
75.265625,0.0
75.28125,0.00390625
75.296875,0.00390625
75.3125,-0.00390625
75.328125,0.00390625
75.34375,0.0
75.359375,0.00390625
75.375,0.0078125
75.390625,0.00390625
75.40625,0.0078125
75.421875,0.00390625
75.4375,0.0078125
75.453125,0.0
75.46875,0.0
75.484375,-0.00390625
75.5,0.0
75.515625,0.00390625
75.53125,0.0
75.546875,0.00390625
75.5625,0.00390625
75.578125,0.00390625
75.59375,0.00390625
75.609375,0.00390625
75.625,0.00390625
75.640625,0.0
75.65625,0.00390625
75.671875,-0.00390625
75.6875,0.01171875
75.703125,0.0
75.71875,-0.00390625
75.734375,0.0
75.75,0.0
75.765625,0.0
75.78125,0.0
75.796875,0.0078125
75.8125,0.00390625
75.828125,0.0
75.84375,0.00390625
75.859375,-0.00390625
75.875,-0.00390625
75.890625,0.00390625
75.90625,0.00390625
75.921875,0.01171875
75.9375,0.0
75.953125,0.00390625
75.96875,-0.00390625
75.984375,0.0078125
76.0,-0.0078125
76.015625,0.0078125
76.03125,0.00390625
76.046875,0.0
76.0625,0.00390625
76.078125,0.0078125
76.09375,0.00390625
76.109375,0.0
76.125,0.00390625
76.140625,0.0
76.15625,0.00390625
76.171875,0.00390625
76.1875,0.0
76.203125,0.00390625
76.21875,0.00390625
76.234375,0.0
76.25,0.00390625
76.265625,0.0
76.28125,0.0
76.296875,0.0078125
76.3125,0.00390625
76.328125,0.00390625
76.34375,0.00390625
76.359375,0.00390625
76.375,0.00390625
76.390625,0.0
76.40625,0.01171875
76.421875,0.0078125
76.4375,0.00390625
76.453125,0.00390625
76.46875,0.0078125
76.484375,0.01171875
76.5,0.00390625
76.515625,0.00390625
76.53125,0.0
76.546875,0.0
76.5625,0.0078125
76.578125,0.00390625
76.59375,0.0
76.609375,0.00390625
76.625,0.00390625
76.640625,0.0078125
76.65625,0.0078125
76.671875,0.00390625
76.6875,0.00390625
76.703125,0.00390625
76.71875,0.0078125
76.734375,0.00390625
76.75,0.00390625
76.765625,0.01171875
76.78125,0.0
76.796875,0.0078125
76.8125,0.0078125
76.828125,0.0078125
76.84375,0.0078125
76.859375,0.0
76.875,0.0078125
76.890625,-0.0078125
76.90625,0.00390625
76.921875,0.00390625
76.9375,0.00390625
76.953125,0.0078125
76.96875,0.00390625
76.984375,0.00390625
77.0,0.0
77.015625,0.0
77.03125,0.0
77.046875,0.0
77.0625,0.00390625
77.078125,0.0
77.09375,0.00390625
77.109375,0.00390625
77.125,0.0078125
77.140625,0.0
77.15625,0.00390625
77.171875,0.00390625
77.1875,0.00390625
77.203125,0.0
77.21875,0.00390625
77.234375,0.0
77.25,0.00390625
77.265625,0.00390625
77.28125,0.00390625
77.296875,0.00390625
77.3125,0.00390625
77.328125,0.00390625
77.34375,0.0
77.359375,0.00390625
77.375,0.00390625
77.390625,0.00390625
77.40625,0.00390625
77.421875,0.0
77.4375,0.0
77.453125,0.0078125
77.46875,0.0078125
77.484375,0.0
77.5,0.00390625
77.515625,0.00390625
77.53125,0.00390625
77.546875,0.00390625
77.5625,0.00390625
77.578125,0.00390625
77.59375,0.0078125
77.609375,0.0
77.625,0.0078125
77.640625,0.00390625
77.65625,0.0
77.671875,0.00390625
77.6875,0.00390625
77.703125,0.0078125
77.71875,0.00390625
77.734375,0.01171875
77.75,0.0
77.765625,0.00390625
77.78125,0.00390625
77.796875,0.0
77.8125,0.0
77.828125,0.0078125
77.84375,0.0078125
77.859375,0.0
77.875,0.00390625
77.890625,0.00390625
77.90625,0.0078125
77.921875,0.0
77.9375,0.0078125
77.953125,0.00390625
77.96875,0.00390625
77.984375,0.00390625
78.0,0.0
78.015625,0.00390625
78.03125,0.0078125
78.046875,0.01171875
78.0625,0.0078125
78.078125,0.0
78.09375,0.0078125
78.109375,0.0
78.125,0.0078125
78.140625,0.0078125
78.15625,0.00390625
78.171875,0.00390625
78.1875,0.0
78.203125,0.00390625
78.21875,0.00390625
78.234375,0.00390625
78.25,0.0
78.265625,0.00390625
78.28125,0.00390625
78.296875,0.0078125
78.3125,0.0
78.328125,0.0
78.34375,0.00390625
78.359375,0.0
78.375,0.00390625
78.390625,0.00390625
78.40625,0.0
78.421875,0.0078125
78.4375,0.00390625
78.453125,0.00390625
78.46875,0.00390625
78.484375,0.0
78.5,0.00390625
78.515625,0.00390625
78.53125,0.0
78.546875,0.00390625
78.5625,0.00390625
78.578125,0.00390625
78.59375,0.0
78.609375,0.0078125
78.625,-0.0078125
78.640625,0.0
78.65625,0.0
78.671875,0.00390625
78.6875,-0.00390625
78.703125,0.0078125
78.71875,0.00390625
78.734375,0.01171875
78.75,0.0
78.765625,0.0
78.78125,0.00390625
78.796875,0.0
78.8125,0.0078125
78.828125,-0.00390625
78.84375,0.0
78.859375,0.00390625
78.875,0.0078125
78.890625,-0.00390625
78.90625,0.0
78.921875,0.0078125
78.9375,0.0
78.953125,0.00390625
78.96875,0.00390625
78.984375,-0.00390625
79.0,-0.00390625
79.015625,0.0078125
79.03125,0.00390625
79.046875,0.00390625
79.0625,0.0078125
79.078125,0.0
79.09375,0.00390625
79.109375,0.00390625
79.125,0.00390625
79.140625,0.0
79.15625,0.0
79.171875,0.00390625
79.1875,0.00390625
79.203125,0.01171875
79.21875,0.0
79.234375,0.00390625
79.25,0.0078125
79.265625,0.00390625
79.28125,0.00390625
79.296875,0.00390625
79.3125,0.01171875
79.328125,0.00390625
79.34375,0.0
79.359375,0.0078125
79.375,0.0
79.390625,0.0078125
79.40625,0.00390625
79.421875,0.00390625
79.4375,0.0078125
79.453125,0.0078125
79.46875,0.0
79.484375,0.00390625
79.5,0.0
79.515625,0.0
79.53125,-0.00390625
79.546875,0.0078125
79.5625,0.00390625
79.578125,0.00390625
79.59375,0.0
79.609375,0.0078125
79.625,0.0
79.640625,0.0
79.65625,0.0078125
79.671875,0.00390625
79.6875,0.00390625
79.703125,0.0
79.71875,0.01171875
79.734375,0.0
79.75,0.00390625
79.765625,0.0078125
79.78125,0.0
79.796875,0.0078125
79.8125,0.0
79.828125,0.0078125
79.84375,-0.00390625
79.859375,-0.00390625
79.875,0.0078125
79.890625,0.0078125
79.90625,0.0
79.921875,0.0
79.9375,0.00390625
79.953125,0.0078125
79.96875,-0.00390625
79.984375,0.0
80.0,0.0078125
80.015625,0.00390625
80.03125,0.00390625
80.046875,0.00390625
80.0625,0.0078125
80.078125,0.00390625
80.09375,0.00390625
80.109375,-0.00390625
80.125,0.00390625
80.140625,0.00390625
80.15625,0.00390625
80.171875,0.00390625
80.1875,0.0078125
80.203125,0.00390625
80.21875,0.0
80.234375,0.0078125
80.25,0.0
80.265625,0.00390625
80.28125,0.0078125
80.296875,0.0
80.3125,0.00390625
80.328125,0.00390625
80.34375,0.0078125
80.359375,-0.00390625
80.375,0.01171875
80.390625,0.00390625
80.40625,0.00390625
80.421875,0.0078125
80.4375,-0.00390625
80.453125,0.00390625
80.46875,0.0078125
80.484375,0.00390625
80.5,0.00390625
80.515625,0.00390625
80.53125,0.0078125
80.546875,0.00390625
80.5625,0.00390625
80.578125,0.00390625
80.59375,0.00390625
80.609375,0.00390625
80.625,0.00390625
80.640625,0.00390625
80.65625,0.0
80.671875,0.0
80.6875,0.00390625
80.703125,0.00390625
80.71875,0.0
80.734375,0.00390625
80.75,0.01171875
80.765625,0.0
80.78125,0.00390625
80.796875,0.00390625
80.8125,0.00390625
80.828125,0.00390625
80.84375,0.00390625
80.859375,0.00390625
80.875,0.0
80.890625,0.00390625
80.90625,0.0
80.921875,0.00390625
80.9375,0.0
80.953125,-0.00390625
80.96875,0.0078125
80.984375,0.0078125
81.0,0.00390625
81.015625,0.00390625
81.03125,0.00390625
81.046875,0.00390625
81.0625,0.0
81.078125,0.00390625
81.09375,0.00390625
81.109375,0.00390625
81.125,0.00390625
81.140625,-0.00390625
81.15625,0.0078125
81.171875,0.0
81.1875,0.0078125
81.203125,-0.0078125
81.21875,0.0
81.234375,0.00390625
81.25,0.00390625
81.265625,0.0
81.28125,-0.00390625
81.296875,0.00390625
81.3125,0.0
81.328125,0.00390625
81.34375,0.00390625
81.359375,0.0
81.375,0.0078125
81.390625,0.00390625
81.40625,-0.00390625
81.421875,0.00390625
81.4375,0.00390625
81.453125,0.015625
81.46875,0.0
81.484375,0.0
81.5,0.00390625
81.515625,0.00390625
81.53125,0.0
81.546875,-0.00390625
81.5625,0.00390625
81.578125,0.00390625
81.59375,0.00390625
81.609375,0.0078125
81.625,-0.0078125
81.640625,0.0078125
81.65625,0.00390625
81.671875,0.0
81.6875,0.0
81.703125,0.00390625
81.71875,0.00390625
81.734375,0.0
81.75,0.00390625
81.765625,0.0
81.78125,0.00390625
81.796875,0.00390625
81.8125,0.00390625
81.828125,-0.00390625
81.84375,0.00390625
81.859375,0.0
81.875,0.00390625
81.890625,0.00390625
81.90625,-0.00390625
81.921875,0.00390625
81.9375,0.0
81.953125,0.00390625
81.96875,0.00390625
81.984375,0.0
82.0,0.0078125
82.015625,0.00390625
82.03125,0.00390625
82.046875,0.0
82.0625,0.00390625
82.078125,0.0078125
82.09375,0.0
82.109375,0.00390625
82.125,0.0078125
82.140625,0.00390625
82.15625,0.0
82.171875,0.0
82.1875,0.0078125
82.203125,0.0
82.21875,0.00390625
82.234375,0.0
82.25,0.00390625
82.265625,0.0
82.28125,-0.00390625
82.296875,0.00390625
82.3125,0.0
82.328125,0.00390625
82.34375,0.00390625
82.359375,0.00390625
82.375,0.00390625
82.390625,0.0078125
82.40625,0.00390625
82.421875,0.0
82.4375,0.00390625
82.453125,0.00390625
82.46875,0.0078125
82.484375,0.0078125
82.5,0.0
82.515625,0.0078125
82.53125,0.0
82.546875,0.00390625
82.5625,0.00390625
82.578125,0.00390625
82.59375,0.00390625
82.609375,0.00390625
82.625,0.00390625
82.640625,0.0
82.65625,0.00390625
82.671875,0.00390625
82.6875,0.0078125
82.703125,0.0
82.71875,0.00390625
82.734375,0.00390625
82.75,0.01171875
82.765625,0.0
82.78125,0.0
82.796875,0.0
82.8125,0.0078125
82.828125,0.00390625
82.84375,-0.00390625
82.859375,0.00390625
82.875,0.00390625
82.890625,0.0
82.90625,0.00390625
82.921875,0.0
82.9375,0.00390625
82.953125,0.0078125
82.96875,0.00390625
82.984375,0.0
83.0,0.00390625
83.015625,0.00390625
83.03125,0.00390625
83.046875,0.0
83.0625,0.0078125
83.078125,0.0
83.09375,0.00390625
83.109375,0.0
83.125,0.00390625
83.140625,0.00390625
83.15625,0.00390625
83.171875,0.00390625
83.1875,0.0
83.203125,0.00390625
83.21875,0.00390625
83.234375,0.00390625
83.25,0.0
83.265625,0.00390625
83.28125,0.00390625
83.296875,0.0078125
83.3125,0.0
83.328125,0.00390625
83.34375,0.0078125
83.359375,0.00390625
83.375,0.0
83.390625,0.00390625
83.40625,0.00390625
83.421875,0.0
83.4375,0.0
83.453125,0.00390625
83.46875,0.0078125
83.484375,0.0
83.5,0.0
83.515625,0.0078125
83.53125,0.0
83.546875,0.0
83.5625,0.00390625
83.578125,0.0
83.59375,0.00390625
83.609375,0.00390625
83.625,0.0
83.640625,0.0078125
83.65625,0.00390625
83.671875,0.0
83.6875,0.00390625
83.703125,0.00390625
83.71875,0.00390625
83.734375,0.00390625
83.75,0.01171875
83.765625,-0.00390625
83.78125,0.01171875
83.796875,0.00390625
83.8125,0.0078125
83.828125,0.00390625
83.84375,0.00390625
83.859375,0.0
83.875,0.00390625
83.890625,0.00390625
83.90625,0.00390625
83.921875,0.0
83.9375,0.0078125
83.953125,0.0
83.96875,0.00390625
83.984375,0.00390625
84.0,0.0
84.015625,0.0078125
84.03125,0.00390625
84.046875,0.00390625
84.0625,0.00390625
84.078125,0.00390625
84.09375,0.0078125
84.109375,0.00390625
84.125,0.00390625
84.140625,0.01171875
84.15625,0.0
84.171875,0.0
84.1875,0.00390625
84.203125,0.00390625
84.21875,0.00390625
84.234375,0.0
84.25,0.00390625
84.265625,0.00390625
84.28125,0.00390625
84.296875,0.00390625
84.3125,-0.00390625
84.328125,0.0
84.34375,0.00390625
84.359375,0.0
84.375,0.01171875
84.390625,0.0
84.40625,0.0078125
84.421875,0.00390625
84.4375,0.00390625
84.453125,-0.00390625
84.46875,0.0
84.484375,0.0078125
84.5,-0.00390625
84.515625,0.00390625
84.53125,0.00390625
84.546875,0.0
84.5625,0.0078125
84.578125,0.00390625
84.59375,-0.00390625
84.609375,0.0
84.625,0.0078125
84.640625,-0.00390625
84.65625,0.0078125
84.671875,0.0
84.6875,0.0
84.703125,0.00390625
84.71875,0.0
84.734375,0.0
84.75,-0.00390625
84.765625,0.0078125
84.78125,-0.00390625
84.796875,-0.00390625
84.8125,0.00390625
84.828125,0.00390625
84.84375,0.0
84.859375,0.0078125
84.875,0.0
84.890625,0.00390625
84.90625,-0.00390625
84.921875,0.00390625
84.9375,0.0078125
84.953125,0.00390625
84.96875,0.00390625
84.984375,0.00390625
85.0,0.00390625
85.015625,0.0078125
85.03125,0.0
85.046875,0.0
85.0625,0.0
85.078125,0.00390625
85.09375,0.0
85.109375,-0.0078125
85.125,0.00390625
85.140625,-0.00390625
85.15625,0.00390625
85.171875,0.00390625
85.1875,-0.00390625
85.203125,0.0078125
85.21875,0.0
85.234375,0.00390625
85.25,0.0
85.265625,0.0
85.28125,0.00390625
85.296875,0.00390625
85.3125,0.0078125
85.328125,0.0
85.34375,-0.00390625
85.359375,0.0
85.375,0.00390625
85.390625,0.00390625
85.40625,0.00390625
85.421875,0.0
85.4375,0.00390625
85.453125,0.0
85.46875,-0.00390625
85.484375,0.0
85.5,0.0
85.515625,0.00390625
85.53125,0.00390625
85.546875,0.0
85.5625,0.00390625
85.578125,0.00390625
85.59375,0.0
85.609375,0.00390625
85.625,-0.00390625
85.640625,0.00390625
85.65625,0.00390625
85.671875,0.00390625
85.6875,0.0
85.703125,0.0078125
85.71875,0.0078125
85.734375,0.00390625
85.75,0.0
85.765625,0.0
85.78125,0.00390625
85.796875,0.00390625
85.8125,0.00390625
85.828125,0.0078125
85.84375,0.0
85.859375,0.00390625
85.875,0.00390625
85.890625,0.0
85.90625,0.0
85.921875,-0.00390625
85.9375,0.0078125
85.953125,0.0078125
85.96875,0.00390625
85.984375,0.0078125
86.0,0.0
86.015625,0.00390625
86.03125,0.0
86.046875,0.00390625
86.0625,-0.00390625
86.078125,0.00390625
86.09375,0.00390625
86.109375,0.0
86.125,0.0
86.140625,0.0
86.15625,0.00390625
86.171875,0.00390625
86.1875,0.0
86.203125,0.00390625
86.21875,0.0
86.234375,0.0
86.25,0.0078125
86.265625,0.0
86.28125,0.0
86.296875,0.00390625
86.3125,0.01171875
86.328125,0.0
86.34375,0.00390625
86.359375,0.00390625
86.375,0.01171875
86.390625,0.00390625
86.40625,0.0
86.421875,0.00390625
86.4375,0.01171875
86.453125,0.0
86.46875,0.00390625
86.484375,0.00390625
86.5,0.00390625
86.515625,0.00390625
86.53125,0.0
86.546875,0.00390625
86.5625,0.0
86.578125,0.00390625
86.59375,0.0078125
86.609375,0.0
86.625,0.01171875
86.640625,-0.00390625
86.65625,0.0078125
86.671875,-0.00390625
86.6875,0.0
86.703125,0.00390625
86.71875,0.00390625
86.734375,0.00390625
86.75,0.0078125
86.765625,0.0
86.78125,0.0
86.796875,-0.00390625
86.8125,0.0
86.828125,0.00390625
86.84375,0.00390625
86.859375,0.00390625
86.875,0.00390625
86.890625,-0.00390625
86.90625,0.0078125
86.921875,0.00390625
86.9375,0.0
86.953125,-0.00390625
86.96875,0.01171875
86.984375,0.0
87.0,0.00390625
87.015625,0.0078125
87.03125,0.0
87.046875,-0.00390625
87.0625,0.00390625
87.078125,0.00390625
87.09375,0.00390625
87.109375,0.00390625
87.125,0.0078125
87.140625,0.00390625
87.15625,0.0078125
87.171875,0.0078125
87.1875,-0.00390625
87.203125,0.00390625
87.21875,0.00390625
87.234375,0.00390625
87.25,-0.00390625
87.265625,0.0078125
87.28125,0.00390625
87.296875,0.0078125
87.3125,0.00390625
87.328125,0.00390625
87.34375,0.00390625
87.359375,0.0078125
87.375,0.0
87.390625,0.0
87.40625,0.0
87.421875,0.0078125
87.4375,0.00390625
87.453125,0.0
87.46875,0.0078125
87.484375,0.0
87.5,0.00390625
87.515625,0.0
87.53125,0.00390625
87.546875,0.00390625
87.5625,-0.00390625
87.578125,0.0078125
87.59375,0.0
87.609375,0.00390625
87.625,0.00390625
87.640625,0.00390625
87.65625,0.00390625
87.671875,0.0
87.6875,0.0078125
87.703125,0.00390625
87.71875,-0.00390625
87.734375,0.01171875
87.75,-0.00390625
87.765625,0.00390625
87.78125,0.00390625
87.796875,0.00390625
87.8125,0.00390625
87.828125,0.00390625
87.84375,0.00390625
87.859375,0.00390625
87.875,0.00390625
87.890625,0.00390625
87.90625,0.0
87.921875,0.0078125
87.9375,0.0
87.953125,0.0078125
87.96875,0.00390625
87.984375,0.00390625
88.0,0.0078125
88.015625,0.00390625
88.03125,-0.00390625
88.046875,0.0
88.0625,0.0
88.078125,0.00390625
88.09375,0.00390625
88.109375,0.00390625
88.125,0.00390625
88.140625,0.00390625
88.15625,0.0
88.171875,0.00390625
88.1875,0.0
88.203125,0.0078125
88.21875,0.0078125
88.234375,0.00390625
88.25,0.0078125
88.265625,0.00390625
88.28125,0.0078125
88.296875,0.0
88.3125,0.0078125
88.328125,0.00390625
88.34375,0.00390625
88.359375,0.0078125
88.375,0.00390625
88.390625,0.0
88.40625,0.0078125
88.421875,0.00390625
88.4375,0.00390625
88.453125,0.0
88.46875,0.00390625
88.484375,0.0
88.5,0.0
88.515625,0.0078125
88.53125,0.00390625
88.546875,0.0
88.5625,0.0078125
88.578125,0.0
88.59375,0.0
88.609375,0.00390625
88.625,0.00390625
88.640625,0.00390625
88.65625,0.00390625
88.671875,0.0
88.6875,0.0078125
88.703125,0.0
88.71875,0.0
88.734375,0.00390625
88.75,0.00390625
88.765625,0.00390625
88.78125,0.00390625
88.796875,0.00390625
88.8125,0.0
88.828125,0.00390625
88.84375,0.0078125
88.859375,0.0
88.875,0.0078125
88.890625,0.0
88.90625,0.00390625
88.921875,0.01171875
88.9375,0.0
88.953125,0.00390625
88.96875,0.0078125
88.984375,0.0
89.0,0.00390625
89.015625,0.00390625
89.03125,0.00390625
89.046875,0.0078125
89.0625,0.00390625
89.078125,0.00390625
89.09375,0.0
89.109375,0.0078125
89.125,0.0
89.140625,0.0
89.15625,0.0078125
89.171875,0.0
89.1875,0.0
89.203125,0.0078125
89.21875,0.0078125
89.234375,0.0
89.25,0.00390625
89.265625,0.01171875
89.28125,-0.00390625
89.296875,0.00390625
89.3125,0.0
89.328125,0.00390625
89.34375,0.00390625
89.359375,0.00390625
89.375,0.00390625
89.390625,0.0078125
89.40625,0.0
89.421875,0.0078125
89.4375,0.0
89.453125,0.0
89.46875,0.00390625
89.484375,0.0
89.5,0.0
89.515625,0.0078125
89.53125,0.0
89.546875,0.0
89.5625,0.01171875
89.578125,0.0
89.59375,0.00390625
89.609375,0.00390625
89.625,0.0
89.640625,0.00390625
89.65625,0.00390625
89.671875,0.0
89.6875,0.0
89.703125,0.00390625
89.71875,0.0078125
89.734375,-0.00390625
89.75,0.0078125
89.765625,0.0
89.78125,0.0
89.796875,0.00390625
89.8125,0.00390625
89.828125,0.00390625
89.84375,0.01171875
89.859375,0.0
89.875,0.0078125
89.890625,0.0
89.90625,0.0078125
89.921875,0.0
89.9375,0.0
89.953125,0.0078125
89.96875,0.00390625
89.984375,0.0078125
90.0,0.0
90.015625,0.0078125
90.03125,0.00390625
90.046875,0.01171875
90.0625,0.00390625
90.078125,0.00390625
90.09375,0.00390625
90.109375,0.00390625
90.125,0.0
90.140625,0.0
90.15625,0.00390625
90.171875,0.00390625
90.1875,0.0
90.203125,0.0078125
90.21875,0.0078125
90.234375,0.0
90.25,0.0078125
90.265625,0.00390625
90.28125,0.00390625
90.296875,0.00390625
90.3125,0.0
90.328125,0.0
90.34375,0.0
90.359375,0.0
90.375,0.00390625
90.390625,0.01171875
90.40625,0.0078125
90.421875,0.0
90.4375,0.0
90.453125,0.00390625
90.46875,0.00390625
90.484375,0.01171875
90.5,0.00390625
90.515625,0.0
90.53125,0.0078125
90.546875,0.0
90.5625,0.00390625
90.578125,0.00390625
90.59375,0.00390625
90.609375,0.00390625
90.625,0.00390625
90.640625,0.00390625
90.65625,0.0
90.671875,0.00390625
90.6875,0.00390625
90.703125,0.00390625
90.71875,0.01171875
90.734375,-0.00390625
90.75,0.00390625
90.765625,0.0078125
90.78125,0.0
90.796875,0.0078125
90.8125,0.0
90.828125,0.00390625
90.84375,0.00390625
90.859375,0.00390625
90.875,0.00390625
90.890625,-0.00390625
90.90625,0.00390625
90.921875,0.00390625
90.9375,0.0
90.953125,0.00390625
90.96875,0.0
90.984375,0.0
91.0,0.0078125
91.015625,0.00390625
91.03125,-0.00390625
91.046875,0.0
91.0625,0.01171875
91.078125,0.00390625
91.09375,0.0078125
91.109375,0.0
91.125,0.0
91.140625,0.00390625
91.15625,0.00390625
91.171875,0.0078125
91.1875,-0.00390625
91.203125,0.00390625
91.21875,0.00390625
91.234375,-0.00390625
91.25,0.00390625
91.265625,0.0
91.28125,0.0078125
91.296875,0.0
91.3125,0.0
91.328125,0.00390625
91.34375,0.0
91.359375,0.0078125
91.375,-0.00390625
91.390625,0.0
91.40625,0.0078125
91.421875,0.00390625
91.4375,0.00390625
91.453125,0.00390625
91.46875,-0.00390625
91.484375,0.00390625
91.5,0.0078125
91.515625,0.00390625
91.53125,0.00390625
91.546875,0.00390625
91.5625,0.0078125
91.578125,0.0
91.59375,0.00390625
91.609375,0.00390625
91.625,-0.00390625
91.640625,0.0078125
91.65625,0.00390625
91.671875,0.0
91.6875,0.00390625
91.703125,0.00390625
91.71875,0.00390625
91.734375,0.00390625
91.75,0.01171875
91.765625,-0.00390625
91.78125,0.0
91.796875,0.0078125
91.8125,0.0
91.828125,0.0078125
91.84375,-0.00390625
91.859375,0.00390625
91.875,0.00390625
91.890625,0.00390625
91.90625,0.00390625
91.921875,-0.00390625
91.9375,0.00390625
91.953125,0.00390625
91.96875,0.00390625
91.984375,0.0
92.0,0.00390625
92.015625,0.00390625
92.03125,0.00390625
92.046875,0.00390625
92.0625,-0.00390625
92.078125,0.0078125
92.09375,0.00390625
92.109375,-0.00390625
92.125,0.0
92.140625,0.00390625
92.15625,0.00390625
92.171875,0.00390625
92.1875,0.0
92.203125,0.00390625
92.21875,-0.00390625
92.234375,0.0078125
92.25,0.0
92.265625,0.0
92.28125,0.0078125
92.296875,0.00390625
92.3125,0.0
92.328125,0.0
92.34375,0.00390625
92.359375,0.0
92.375,0.0
92.390625,0.01171875
92.40625,0.00390625
92.421875,0.0
92.4375,0.0078125
92.453125,0.0
92.46875,0.00390625
92.484375,0.01171875
92.5,0.00390625
92.515625,0.0
92.53125,0.0078125
92.546875,0.0
92.5625,0.0
92.578125,0.00390625
92.59375,0.0
92.609375,0.0
92.625,0.00390625
92.640625,0.00390625
92.65625,0.0
92.671875,-0.00390625
92.6875,0.00390625
92.703125,0.00390625
92.71875,0.0078125
92.734375,0.0
92.75,0.00390625
92.765625,-0.00390625
92.78125,0.00390625
92.796875,0.00390625
92.8125,0.0078125
92.828125,0.0
92.84375,0.0
92.859375,0.00390625
92.875,0.0
92.890625,0.0
92.90625,-0.00390625
92.921875,0.0
92.9375,0.00390625
92.953125,0.00390625
92.96875,0.00390625
92.984375,0.00390625
93.0,0.00390625
93.015625,0.0
93.03125,0.0
93.046875,-0.00390625
93.0625,0.00390625
93.078125,0.00390625
93.09375,0.00390625
93.109375,0.00390625
93.125,0.0
93.140625,0.0078125
93.15625,0.0
93.171875,0.0
93.1875,0.00390625
93.203125,0.00390625
93.21875,0.00390625
93.234375,0.00390625
93.25,0.0
93.265625,0.00390625
93.28125,0.00390625
93.296875,-0.00390625
93.3125,0.01171875
93.328125,0.0
93.34375,0.00390625
93.359375,0.00390625
93.375,0.00390625
93.390625,0.00390625
93.40625,0.00390625
93.421875,0.00390625
93.4375,0.0
93.453125,0.00390625
93.46875,0.00390625
93.484375,0.0
93.5,0.0078125
93.515625,0.0078125
93.53125,0.0
93.546875,0.0078125
93.5625,-0.00390625
93.578125,0.0078125
93.59375,0.00390625
93.609375,0.00390625
93.625,0.00390625
93.640625,0.0078125
93.65625,0.0
93.671875,0.0
93.6875,0.00390625
93.703125,0.00390625
93.71875,0.0
93.734375,0.0
93.75,0.01171875
93.765625,0.00390625
93.78125,0.0078125
93.796875,-0.00390625
93.8125,0.00390625
93.828125,0.00390625
93.84375,0.00390625
93.859375,0.0
93.875,0.0078125
93.890625,-0.00390625
93.90625,0.0
93.921875,0.00390625
93.9375,0.0
93.953125,0.0
93.96875,0.0078125
93.984375,0.00390625
94.0,0.00390625
94.015625,0.0
94.03125,0.00390625
94.046875,-0.00390625
94.0625,0.00390625
94.078125,0.0
94.09375,0.0078125
94.109375,-0.00390625
94.125,-0.00390625
94.140625,0.0078125
94.15625,0.0078125
94.171875,-0.00390625
94.1875,0.0
94.203125,-0.00390625
94.21875,0.0078125
94.234375,0.0
94.25,0.0
94.265625,0.0
94.28125,0.00390625
94.296875,0.00390625
94.3125,0.0
94.328125,0.0078125
94.34375,-0.00390625
94.359375,0.0
94.375,0.00390625
94.390625,0.00390625
94.40625,0.00390625
94.421875,0.00390625
94.4375,0.0
94.453125,0.0078125
94.46875,0.0078125
94.484375,0.0
94.5,0.00390625
94.515625,0.00390625
94.53125,0.01171875
94.546875,0.0
94.5625,0.0
94.578125,0.0078125
94.59375,0.0
94.609375,0.00390625
94.625,0.00390625
94.640625,0.0078125
94.65625,-0.00390625
94.671875,0.0
94.6875,0.0078125
94.703125,0.0
94.71875,0.00390625
94.734375,0.00390625
94.75,0.00390625
94.765625,0.00390625
94.78125,0.0078125
94.796875,0.0
94.8125,0.0
94.828125,0.00390625
94.84375,0.0078125
94.859375,0.00390625
94.875,0.0
94.890625,0.00390625
94.90625,0.0
94.921875,0.00390625
94.9375,0.00390625
94.953125,0.00390625
94.96875,0.0
94.984375,0.00390625
95.0,0.0
95.015625,0.0
95.03125,0.0078125
95.046875,0.0
95.0625,0.00390625
95.078125,0.0078125
95.09375,0.0078125
95.109375,0.0
95.125,0.00390625
95.140625,0.0078125
95.15625,0.0
95.171875,0.00390625
95.1875,0.00390625
95.203125,0.00390625
95.21875,0.0078125
95.234375,0.0
95.25,0.00390625
95.265625,0.0078125
95.28125,0.0
95.296875,0.00390625
95.3125,0.00390625
95.328125,0.0
95.34375,0.0078125
95.359375,0.00390625
95.375,0.00390625
95.390625,0.00390625
95.40625,0.00390625
95.421875,0.0078125
95.4375,0.00390625
95.453125,0.00390625
95.46875,0.00390625
95.484375,0.0078125
95.5,0.00390625
95.515625,0.0078125
95.53125,0.0
95.546875,0.00390625
95.5625,0.0078125
95.578125,-0.00390625
95.59375,0.0078125
95.609375,0.00390625
95.625,0.0
95.640625,0.00390625
95.65625,0.00390625
95.671875,0.00390625
95.6875,0.0078125
95.703125,0.0
95.71875,0.0078125
95.734375,-0.00390625
95.75,0.00390625
95.765625,0.00390625
95.78125,0.0
95.796875,0.00390625
95.8125,0.0
95.828125,0.00390625
95.84375,0.00390625
95.859375,0.00390625
95.875,0.00390625
95.890625,0.0
95.90625,0.00390625
95.921875,0.00390625
95.9375,0.00390625
95.953125,0.00390625
95.96875,-0.00390625
95.984375,0.01171875
96.0,0.00390625
96.015625,0.0078125
96.03125,0.00390625
96.046875,0.00390625
96.0625,-0.00390625
96.078125,0.00390625
96.09375,0.0078125
96.109375,0.0
96.125,-0.00390625
96.140625,0.0078125
96.15625,0.0
96.171875,0.00390625
96.1875,0.0078125
96.203125,0.00390625
96.21875,-0.00390625
96.234375,0.0
96.25,0.0078125
96.265625,0.0
96.28125,0.00390625
96.296875,-0.00390625
96.3125,0.00390625
96.328125,0.01171875
96.34375,0.00390625
96.359375,-0.00390625
96.375,0.00390625
96.390625,0.00390625
96.40625,-0.00390625
96.421875,0.00390625
96.4375,0.0
96.453125,0.0
96.46875,0.0078125
96.484375,0.0
96.5,0.0
96.515625,0.0
96.53125,0.01171875
96.546875,0.00390625
96.5625,0.00390625
96.578125,0.0078125
96.59375,0.0078125
96.609375,0.0
96.625,0.00390625
96.640625,0.01171875
96.65625,-0.00390625
96.671875,0.0078125
96.6875,0.00390625
96.703125,0.00390625
96.71875,0.00390625
96.734375,0.00390625
96.75,0.0
96.765625,0.00390625
96.78125,0.0078125
96.796875,0.0
96.8125,0.0
96.828125,0.0078125
96.84375,0.0
96.859375,0.00390625
96.875,0.0
96.890625,0.00390625
96.90625,0.0
96.921875,0.00390625
96.9375,0.0078125
96.953125,0.00390625
96.96875,0.0078125
96.984375,0.0
97.0,-0.00390625
97.015625,0.00390625
97.03125,0.00390625
97.046875,0.0
97.0625,0.00390625
97.078125,0.00390625
97.09375,-0.00390625
97.109375,0.0
97.125,0.0
97.140625,0.00390625
97.15625,0.00390625
97.171875,0.0078125
97.1875,-0.00390625
97.203125,0.0078125
97.21875,0.00390625
97.234375,-0.00390625
97.25,0.0078125
97.265625,0.0
97.28125,0.00390625
97.296875,0.00390625
97.3125,0.0
97.328125,0.00390625
97.34375,0.0
97.359375,0.0078125
97.375,-0.00390625
97.390625,0.0
97.40625,0.0078125
97.421875,0.0078125
97.4375,0.0
97.453125,0.00390625
97.46875,0.0
97.484375,0.00390625
97.5,0.00390625
97.515625,0.00390625
97.53125,0.00390625
97.546875,0.01171875
97.5625,0.0
97.578125,0.0
97.59375,0.0
97.609375,0.0078125
97.625,-0.00390625
97.640625,0.0
97.65625,0.0078125
97.671875,0.0
97.6875,0.0
97.703125,0.00390625
97.71875,0.00390625
97.734375,0.01171875
97.75,0.0
97.765625,0.0
97.78125,0.0
97.796875,0.0078125
97.8125,0.0
97.828125,0.0
97.84375,0.00390625
97.859375,0.00390625
97.875,0.00390625
97.890625,0.00390625
97.90625,0.0078125
97.921875,0.00390625
97.9375,0.00390625
97.953125,0.00390625
97.96875,0.0078125
97.984375,0.0
98.0,0.0078125
98.015625,0.0
98.03125,0.0
98.046875,0.00390625
98.0625,0.00390625
98.078125,0.00390625
98.09375,0.00390625
98.109375,0.00390625
98.125,0.00390625
98.140625,0.0
98.15625,0.00390625
98.171875,0.0078125
98.1875,-0.00390625
98.203125,0.0078125
98.21875,0.00390625
98.234375,-0.00390625
98.25,0.0078125
98.265625,0.0
98.28125,0.00390625
98.296875,0.0
98.3125,0.0
98.328125,0.00390625
98.34375,0.0
98.359375,0.0078125
98.375,0.0
98.390625,0.00390625
98.40625,0.00390625
98.421875,0.0078125
98.4375,0.0078125
98.453125,0.00390625
98.46875,0.00390625
98.484375,0.01171875
98.5,0.00390625
98.515625,0.0078125
98.53125,-0.00390625
98.546875,0.00390625
98.5625,0.00390625
98.578125,0.01171875
98.59375,0.0
98.609375,0.0
98.625,0.0
98.640625,0.0
98.65625,0.0
98.671875,0.0078125
98.6875,0.0
98.703125,0.0
98.71875,0.00390625
98.734375,0.0
98.75,0.00390625
98.765625,0.00390625
98.78125,0.0078125
98.796875,0.0
98.8125,0.0078125
98.828125,0.0
98.84375,0.0078125
98.859375,0.00390625
98.875,0.00390625
98.890625,0.0
98.90625,0.00390625
98.921875,0.00390625
98.9375,0.00390625
98.953125,0.0078125
98.96875,0.0
98.984375,0.0
99.0,0.0
99.015625,0.00390625
99.03125,0.00390625
99.046875,0.01171875
99.0625,0.00390625
99.078125,0.00390625
99.09375,0.0
99.109375,0.00390625
99.125,0.0
99.140625,0.0
99.15625,0.0078125
99.171875,0.00390625
99.1875,0.0078125
99.203125,0.0
99.21875,0.0078125
99.234375,0.0
99.25,0.00390625
99.265625,0.0078125
99.28125,0.0
99.296875,0.0
99.3125,0.0078125
99.328125,0.0
99.34375,0.0078125
99.359375,-0.00390625
99.375,0.00390625
99.390625,0.00390625
99.40625,0.00390625
99.421875,0.00390625
99.4375,0.00390625
99.453125,0.00390625
99.46875,0.0078125
99.484375,0.0
99.5,0.00390625
99.515625,0.00390625
99.53125,0.0
99.546875,0.0078125
99.5625,0.00390625
99.578125,0.00390625
99.59375,0.00390625
99.609375,0.0
99.625,0.00390625
99.640625,0.01171875
99.65625,0.0078125
99.671875,0.0
99.6875,0.0078125
99.703125,0.00390625
99.71875,0.0078125
99.734375,0.0
99.75,0.0078125
99.765625,0.00390625
99.78125,0.00390625
99.796875,0.0078125
99.8125,0.00390625
99.828125,0.0078125
99.84375,0.0078125
99.859375,0.0
99.875,0.00390625
99.890625,0.00390625
99.90625,0.0
99.921875,0.0
99.9375,0.00390625
99.953125,-0.00390625
99.96875,0.00390625
99.984375,0.0078125
100.0,0.0
100.015625,0.0078125
100.03125,0.0078125
100.046875,0.0
100.0625,0.00390625
100.078125,0.0
100.09375,0.00390625
100.109375,0.0078125
100.125,0.0
100.140625,0.00390625
100.15625,0.0078125
100.171875,-0.00390625
100.1875,0.0078125
100.203125,0.0
100.21875,0.00390625
100.234375,0.0
100.25,0.00390625
100.265625,0.0
100.28125,0.0
100.296875,0.0078125
100.3125,0.00390625
100.328125,0.0078125
100.34375,0.0078125
100.359375,-0.00390625
100.375,0.01171875
100.390625,0.0
100.40625,0.00390625
100.421875,0.0078125
100.4375,0.0
100.453125,0.0078125
100.46875,0.0078125
100.484375,0.0
100.5,0.0
100.515625,0.0078125
100.53125,0.0
100.546875,0.0
100.5625,0.00390625
100.578125,0.0
100.59375,0.0078125
100.609375,0.00390625
100.625,0.00390625
100.640625,0.00390625
100.65625,0.00390625
100.671875,0.0
100.6875,0.0078125
100.703125,0.0
100.71875,0.0078125
100.734375,0.00390625
100.75,0.00390625
100.765625,0.0078125
100.78125,0.00390625
100.796875,0.0
100.8125,0.01171875
100.828125,0.0
100.84375,0.0
100.859375,0.0078125
100.875,0.00390625
100.890625,0.00390625
100.90625,0.0
100.921875,0.00390625
100.9375,0.00390625
100.953125,0.0
100.96875,0.01171875
100.984375,0.00390625
101.0,0.00390625
101.015625,0.0078125
101.03125,0.0
101.046875,0.00390625
101.0625,0.00390625
101.078125,0.00390625
101.09375,0.0
101.109375,0.0
101.125,0.0078125
101.140625,-0.0078125
101.15625,0.00390625
101.171875,0.00390625
101.1875,-0.00390625
101.203125,0.0
101.21875,0.0078125
101.234375,0.0
101.25,0.0078125
101.265625,-0.00390625
101.28125,0.00390625
101.296875,0.0
101.3125,0.01171875
101.328125,0.0
101.34375,-0.00390625
101.359375,0.0
101.375,0.0078125
101.390625,0.00390625
101.40625,0.00390625
101.421875,-0.00390625
101.4375,-0.00390625
101.453125,0.0078125
101.46875,0.0
101.484375,0.0
101.5,0.00390625
101.515625,0.0
101.53125,-0.00390625
101.546875,0.00390625
101.5625,0.00390625
101.578125,0.0078125
101.59375,0.0078125
101.609375,0.00390625
101.625,0.0
101.640625,0.00390625
101.65625,0.0
101.671875,0.00390625
101.6875,0.00390625
101.703125,0.0
101.71875,0.0078125
101.734375,0.0
101.75,0.00390625
101.765625,0.00390625
101.78125,0.00390625
101.796875,0.00390625
101.8125,-0.00390625
101.828125,0.0078125
101.84375,0.00390625
101.859375,0.0
101.875,0.00390625
101.890625,0.00390625
101.90625,0.01171875
101.921875,0.0
101.9375,0.0
101.953125,0.00390625
101.96875,0.0
101.984375,0.00390625
102.0,0.00390625
102.015625,0.00390625
102.03125,0.0078125
102.046875,0.00390625
102.0625,0.00390625
102.078125,0.0078125
102.09375,0.0
102.109375,0.00390625
102.125,0.00390625
102.140625,0.0
102.15625,0.0
102.171875,0.00390625
102.1875,0.00390625
102.203125,0.01171875
102.21875,0.00390625
102.234375,0.00390625
102.25,0.0
102.265625,0.00390625
102.28125,0.00390625
102.296875,0.0078125
102.3125,0.0
102.328125,0.00390625
102.34375,0.00390625
102.359375,0.0
102.375,0.0078125
102.390625,0.0078125
102.40625,0.00390625
102.421875,0.00390625
102.4375,0.0078125
102.453125,0.0
102.46875,0.0078125
102.484375,-0.0078125
102.5,0.0078125
102.515625,0.00390625
102.53125,0.00390625
102.546875,0.0078125
102.5625,0.00390625
102.578125,0.0
102.59375,0.0078125
102.609375,0.0
102.625,0.0
102.640625,0.0
102.65625,0.0
102.671875,0.00390625
102.6875,0.00390625
102.703125,0.00390625
102.71875,0.01171875
102.734375,0.0
102.75,0.0078125
102.765625,0.0078125
102.78125,0.0
102.796875,0.00390625
102.8125,0.0078125
102.828125,0.0078125
102.84375,0.00390625
102.859375,0.0078125
102.875,0.0078125
102.890625,0.0
102.90625,0.0078125
102.921875,0.0
102.9375,0.00390625
102.953125,0.00390625
102.96875,0.0
102.984375,0.0
103.0,0.00390625
103.015625,0.01171875
103.03125,0.0
103.046875,0.0
103.0625,0.01171875
103.078125,0.00390625
103.09375,0.00390625
103.109375,0.00390625
103.125,0.0078125
103.140625,0.0
103.15625,0.00390625
103.171875,0.0078125
103.1875,0.0
103.203125,-0.00390625
103.21875,0.00390625
103.234375,0.0
103.25,0.0
103.265625,0.0
103.28125,0.0078125
103.296875,0.0078125
103.3125,0.0
103.328125,0.00390625
103.34375,-0.00390625
103.359375,0.00390625
103.375,0.00390625
103.390625,0.00390625
103.40625,0.0
103.421875,0.00390625
103.4375,0.00390625
103.453125,0.00390625
103.46875,0.00390625
103.484375,-0.00390625
103.5,0.0
103.515625,0.0078125
103.53125,0.0
103.546875,0.00390625
103.5625,0.0
103.578125,0.0078125
103.59375,0.00390625
103.609375,0.00390625
103.625,0.00390625
103.640625,-0.00390625
103.65625,0.00390625
103.671875,0.00390625
103.6875,0.00390625
103.703125,0.00390625
103.71875,0.0
103.734375,-0.00390625
103.75,0.00390625
103.765625,0.00390625
103.78125,0.00390625
103.796875,0.0
103.8125,0.0078125
103.828125,0.0078125
103.84375,0.00390625
103.859375,0.00390625
103.875,-0.00390625
103.890625,0.00390625
103.90625,0.0078125
103.921875,0.00390625
103.9375,0.01171875
103.953125,0.0
103.96875,0.0078125
103.984375,0.00390625
104.0,0.00390625
104.015625,-0.00390625
104.03125,0.00390625
104.046875,0.01171875
104.0625,0.0
104.078125,0.00390625
104.09375,-0.00390625
104.109375,0.0
104.125,0.0078125
104.140625,0.0078125
104.15625,0.00390625
104.171875,0.0
104.1875,0.00390625
104.203125,0.0078125
104.21875,0.0
104.234375,0.00390625
104.25,0.00390625
104.265625,0.00390625
104.28125,0.01171875
104.296875,-0.00390625
104.3125,0.0078125
104.328125,0.0
104.34375,0.00390625
104.359375,0.00390625
104.375,0.00390625
104.390625,0.0
104.40625,0.0
104.421875,0.0078125
104.4375,0.00390625
104.453125,0.00390625
104.46875,0.0
104.484375,0.00390625
104.5,0.00390625
104.515625,0.0
104.53125,0.00390625
104.546875,0.01171875
104.5625,0.0078125
104.578125,0.0
104.59375,0.0078125
104.609375,-0.00390625
104.625,0.0078125
104.640625,0.0
104.65625,0.00390625
104.671875,0.0
104.6875,0.00390625
104.703125,0.00390625
104.71875,0.00390625
104.734375,0.0078125
104.75,-0.00390625
104.765625,0.00390625
104.78125,0.00390625
104.796875,0.0
104.8125,0.0
104.828125,0.0
104.84375,0.0
104.859375,0.00390625
104.875,0.00390625
104.890625,0.0
104.90625,0.0078125
104.921875,0.01171875
104.9375,-0.00390625
104.953125,-0.00390625
104.96875,0.00390625
104.984375,-0.00390625
105.0,0.00390625
105.015625,0.0
105.03125,0.0
105.046875,0.00390625
105.0625,0.00390625
105.078125,0.00390625
105.09375,0.0078125
105.109375,0.0
105.125,0.00390625
105.140625,0.0
105.15625,0.00390625
105.171875,0.00390625
105.1875,0.01171875
105.203125,0.00390625
105.21875,0.0078125
105.234375,0.00390625
105.25,0.01171875
105.265625,0.00390625
105.28125,0.00390625
105.296875,0.0
105.3125,0.00390625
105.328125,0.0
105.34375,0.00390625
105.359375,0.0078125
105.375,0.00390625
105.390625,0.0078125
105.40625,0.0
105.421875,0.0078125
105.4375,0.00390625
105.453125,0.0
105.46875,0.00390625
105.484375,0.0
105.5,0.0
105.515625,0.0
105.53125,0.0
105.546875,0.0078125
105.5625,0.00390625
105.578125,0.00390625
105.59375,0.0
105.609375,0.00390625
105.625,0.00390625
105.640625,0.0
105.65625,0.00390625
105.671875,0.0
105.6875,0.00390625
105.703125,0.00390625
105.71875,0.00390625
105.734375,0.0
105.75,0.00390625
105.765625,0.0
105.78125,0.0078125
105.796875,0.00390625
105.8125,0.00390625
105.828125,0.00390625
105.84375,0.0078125
105.859375,0.00390625
105.875,0.00390625
105.890625,0.00390625
105.90625,0.01171875
105.921875,0.0
105.9375,0.0
105.953125,0.0078125
105.96875,-0.00390625
105.984375,0.00390625
106.0,0.00390625
106.015625,0.00390625
106.03125,0.0
106.046875,0.0
106.0625,0.0078125
106.078125,0.00390625
106.09375,0.0
106.109375,0.0
106.125,0.0
106.140625,0.0078125
106.15625,0.0078125
106.171875,0.00390625
106.1875,0.00390625
106.203125,0.0
106.21875,0.00390625
106.234375,0.00390625
106.25,0.0
106.265625,0.0
106.28125,0.00390625
106.296875,0.00390625
106.3125,0.0
106.328125,0.0078125
106.34375,0.0078125
106.359375,0.0
106.375,0.00390625
106.390625,0.0078125
106.40625,0.0
106.421875,0.00390625
106.4375,0.00390625
106.453125,0.00390625
106.46875,0.0
106.484375,0.01171875
106.5,0.0
106.515625,0.0078125
106.53125,0.0
106.546875,0.00390625
106.5625,0.0
106.578125,0.0078125
106.59375,0.0
106.609375,0.0
106.625,0.0
106.640625,0.00390625
106.65625,0.00390625
106.671875,0.0078125
106.6875,0.00390625
106.703125,0.00390625
106.71875,0.00390625
106.734375,0.00390625
106.75,0.00390625
106.765625,0.0078125
106.78125,0.0078125
106.796875,-0.00390625
106.8125,0.00390625
106.828125,0.00390625
106.84375,0.00390625
106.859375,0.00390625
106.875,0.00390625
106.890625,0.00390625
106.90625,0.0078125
106.921875,0.0
106.9375,0.0
106.953125,0.0
106.96875,0.00390625
106.984375,0.00390625
107.0,0.00390625
107.015625,0.0078125
107.03125,0.0
107.046875,0.0
107.0625,0.0078125
107.078125,0.0
107.09375,0.0078125
107.109375,0.00390625
107.125,0.00390625
107.140625,0.00390625
107.15625,-0.00390625
107.171875,0.00390625
107.1875,0.0
107.203125,0.00390625
107.21875,0.0
107.234375,0.00390625
107.25,0.00390625
107.265625,0.00390625
107.28125,0.00390625
107.296875,0.0
107.3125,0.0
107.328125,0.0
107.34375,0.0
107.359375,0.00390625
107.375,0.00390625
107.390625,0.0
107.40625,0.0078125
107.421875,0.00390625
107.4375,0.00390625
107.453125,0.01171875
107.46875,0.0
107.484375,0.00390625
107.5,0.00390625
107.515625,0.0
107.53125,0.0
107.546875,0.0
107.5625,0.00390625
107.578125,0.0
107.59375,0.00390625
107.609375,0.00390625
107.625,0.00390625
107.640625,0.00390625
107.65625,0.0
107.671875,0.00390625
107.6875,0.00390625
107.703125,0.00390625
107.71875,0.00390625
107.734375,0.00390625
107.75,0.0078125
107.765625,0.0
107.78125,0.0078125
107.796875,0.00390625
107.8125,0.01171875
107.828125,0.0
107.84375,0.0078125
107.859375,0.0
107.875,0.0
107.890625,0.00390625
107.90625,0.0078125
107.921875,0.0
107.9375,0.00390625
107.953125,0.0
107.96875,0.0
107.984375,0.0078125
108.0,0.0
108.015625,0.00390625
108.03125,-0.00390625
108.046875,0.00390625
108.0625,0.00390625
108.078125,-0.00390625
108.09375,0.0078125
108.109375,0.0
108.125,0.00390625
108.140625,0.00390625
108.15625,0.00390625
108.171875,-0.00390625
108.1875,0.00390625
108.203125,0.01171875
108.21875,0.0
108.234375,0.00390625
108.25,-0.00390625
108.265625,0.00390625
108.28125,0.01171875
108.296875,0.00390625
108.3125,0.00390625
108.328125,0.0
108.34375,0.00390625
108.359375,0.00390625
108.375,0.0
108.390625,0.0
108.40625,0.00390625
108.421875,0.0
108.4375,0.00390625
108.453125,0.0
108.46875,0.0078125
108.484375,0.0078125
108.5,0.00390625
108.515625,0.0078125
108.53125,0.0
108.546875,0.0
108.5625,0.00390625
108.578125,0.00390625
108.59375,0.0078125
108.609375,-0.0078125
108.625,0.0
108.640625,0.00390625
108.65625,0.0
108.671875,0.0078125
108.6875,0.00390625
108.703125,0.00390625
108.71875,0.00390625
108.734375,0.00390625
108.75,0.0
108.765625,0.0
108.78125,0.00390625
108.796875,0.01171875
108.8125,-0.00390625
108.828125,0.01171875
108.84375,0.00390625
108.859375,0.00390625
108.875,0.00390625
108.890625,0.00390625
108.90625,0.0078125
108.921875,0.00390625
108.9375,0.01171875
108.953125,-0.00390625
108.96875,0.0078125
108.984375,0.00390625
109.0,0.00390625
109.015625,0.0
109.03125,0.0
109.046875,0.0
109.0625,0.00390625
109.078125,0.0
109.09375,0.0
109.109375,0.0
109.125,0.0
109.140625,0.0
109.15625,0.01171875
109.171875,0.00390625
109.1875,0.0
109.203125,0.00390625
109.21875,0.00390625
109.234375,0.00390625
109.25,0.0
109.265625,0.00390625
109.28125,0.00390625
109.296875,-0.00390625
109.3125,0.01171875
109.328125,-0.0078125
109.34375,0.00390625
109.359375,0.0078125
109.375,0.0
109.390625,0.00390625
109.40625,0.00390625
109.421875,0.0
109.4375,0.0078125
109.453125,-0.00390625
109.46875,0.00390625
109.484375,-0.00390625
109.5,-0.00390625
109.515625,0.0078125
109.53125,0.00390625
109.546875,0.00390625
109.5625,0.0
109.578125,0.0
109.59375,0.0
109.609375,-0.00390625
109.625,0.00390625
109.640625,0.0
109.65625,0.00390625
109.671875,0.01171875
109.6875,-0.00390625
109.703125,0.00390625
109.71875,0.00390625
109.734375,0.00390625
109.75,0.0
109.765625,0.00390625
109.78125,0.00390625
109.796875,0.00390625
109.8125,0.00390625
109.828125,-0.00390625
109.84375,0.00390625
109.859375,0.01171875
109.875,0.0
109.890625,0.00390625
109.90625,0.00390625
109.921875,0.00390625
109.9375,0.0
109.953125,0.00390625
109.96875,0.0
109.984375,0.00390625
110.0,0.00390625
110.015625,0.00390625
110.03125,0.00390625
110.046875,0.0
110.0625,0.0
110.078125,0.0078125
110.09375,-0.00390625
110.109375,0.00390625
110.125,0.00390625
110.140625,0.00390625
110.15625,0.00390625
110.171875,0.0078125
110.1875,0.00390625
110.203125,0.00390625
110.21875,0.00390625
110.234375,-0.00390625
110.25,0.00390625
110.265625,0.00390625
110.28125,0.0
110.296875,0.0
110.3125,0.00390625
110.328125,0.00390625
110.34375,0.00390625
110.359375,-0.00390625
110.375,-0.00390625
110.390625,0.0
110.40625,-0.00390625
110.421875,0.0078125
110.4375,0.00390625
110.453125,0.00390625
110.46875,0.00390625
110.484375,0.00390625
110.5,-0.00390625
110.515625,0.00390625
110.53125,0.00390625
110.546875,0.00390625
110.5625,-0.00390625
110.578125,0.00390625
110.59375,0.00390625
110.609375,0.00390625
110.625,0.00390625
110.640625,0.00390625
110.65625,0.0
110.671875,0.00390625
110.6875,0.01171875
110.703125,-0.0078125
110.71875,0.00390625
110.734375,0.0078125
110.75,0.00390625
110.765625,0.0
110.78125,0.0078125
110.796875,0.0
110.8125,0.00390625
110.828125,0.0
110.84375,0.00390625
110.859375,0.00390625
110.875,0.00390625
110.890625,0.01171875
110.90625,0.0
110.921875,0.00390625
110.9375,0.0078125
110.953125,0.00390625
110.96875,0.0078125
110.984375,0.00390625
111.0,0.0078125
111.015625,0.0
111.03125,0.00390625
111.046875,0.00390625
111.0625,0.0
111.078125,0.0078125
111.09375,0.00390625
111.109375,0.0
111.125,0.0
111.140625,0.00390625
111.15625,0.0
111.171875,0.00390625
111.1875,0.0078125
111.203125,0.0
111.21875,0.00390625
111.234375,0.01171875
111.25,0.0
111.265625,0.0
111.28125,0.00390625
111.296875,0.0
111.3125,0.00390625
111.328125,0.01171875
111.34375,0.0
111.359375,0.0078125
111.375,0.0
111.390625,0.0
111.40625,0.0
111.421875,0.00390625
111.4375,0.0
111.453125,0.00390625
111.46875,0.00390625
111.484375,0.00390625
111.5,0.00390625
111.515625,0.01171875
111.53125,0.0
111.546875,0.00390625
111.5625,0.00390625
111.578125,0.0
111.59375,0.00390625
111.609375,0.0078125
111.625,0.00390625
111.640625,0.0
111.65625,0.0078125
111.671875,0.0
111.6875,0.00390625
111.703125,0.0
111.71875,0.0
111.734375,0.0
111.75,0.0
111.765625,0.0078125
111.78125,-0.00390625
111.796875,0.00390625
111.8125,0.0078125
111.828125,0.00390625
111.84375,0.00390625
111.859375,0.0
111.875,0.0078125
111.890625,0.0
111.90625,0.0078125
111.921875,0.0
111.9375,0.00390625
111.953125,0.00390625
111.96875,0.00390625
111.984375,0.01171875
112.0,0.0
112.015625,0.0078125
112.03125,0.0
112.046875,0.00390625
112.0625,0.00390625
112.078125,0.0078125
112.09375,0.00390625
112.109375,0.0078125
112.125,-0.00390625
112.140625,0.0078125
112.15625,0.00390625
112.171875,0.0078125
112.1875,0.00390625
112.203125,0.00390625
112.21875,0.00390625
112.234375,0.00390625
112.25,0.00390625
112.265625,0.00390625
112.28125,0.0
112.296875,0.0
112.3125,0.00390625
112.328125,0.00390625
112.34375,0.00390625
112.359375,0.0
112.375,0.00390625
112.390625,0.00390625
112.40625,0.0
112.421875,0.00390625
112.4375,0.00390625
112.453125,0.00390625
112.46875,0.0078125
112.484375,-0.00390625
112.5,0.0078125
112.515625,0.0
112.53125,0.00390625
112.546875,0.01171875
112.5625,-0.00390625
112.578125,0.0078125
112.59375,0.0
112.609375,0.00390625
112.625,-0.0078125
112.640625,0.00390625
112.65625,0.00390625
112.671875,0.0
112.6875,0.00390625
112.703125,-0.00390625
112.71875,0.00390625
112.734375,0.0078125
112.75,0.0
112.765625,-0.00390625
112.78125,0.00390625
112.796875,0.01171875
112.8125,-0.00390625
112.828125,0.0
112.84375,0.00390625
112.859375,0.0078125
112.875,0.0078125
112.890625,0.00390625
112.90625,0.00390625
112.921875,0.00390625
112.9375,0.00390625
112.953125,0.0078125
112.96875,-0.00390625
112.984375,0.00390625
113.0,0.00390625
113.015625,0.00390625
113.03125,0.00390625
113.046875,0.0078125
113.0625,0.00390625
113.078125,0.00390625
113.09375,0.00390625
113.109375,-0.00390625
113.125,0.0
113.140625,0.0078125
113.15625,0.0078125
113.171875,0.00390625
113.1875,0.0
113.203125,0.0
113.21875,0.0078125
113.234375,0.0
113.25,-0.00390625
113.265625,0.00390625
113.28125,0.01171875
113.296875,0.0
113.3125,0.0
113.328125,0.01171875
113.34375,0.00390625
113.359375,0.0
113.375,0.01171875
113.390625,-0.0078125
113.40625,0.0078125
113.421875,0.00390625
113.4375,-0.0078125
113.453125,0.0078125
113.46875,0.00390625
113.484375,0.00390625
113.5,0.00390625
113.515625,0.00390625
113.53125,0.00390625
113.546875,-0.0078125
113.5625,0.00390625
113.578125,0.00390625
113.59375,0.0
113.609375,0.0
113.625,0.00390625
113.640625,0.0
113.65625,0.0
113.671875,0.00390625
113.6875,-0.00390625
113.703125,-0.00390625
113.71875,0.0078125
113.734375,0.0
113.75,0.0078125
113.765625,0.0078125
113.78125,0.01171875
113.796875,0.0
113.8125,0.0
113.828125,0.00390625
113.84375,0.00390625
113.859375,0.0
113.875,0.0
113.890625,0.0078125
113.90625,0.0078125
113.921875,0.0
113.9375,-0.00390625
113.953125,0.00390625
113.96875,0.00390625
113.984375,0.00390625
114.0,0.00390625
114.015625,0.00390625
114.03125,0.0
114.046875,-0.00390625
114.0625,0.00390625
114.078125,0.00390625
114.09375,0.00390625
114.109375,0.0078125
114.125,0.00390625
114.140625,0.0
114.15625,0.0078125
114.171875,0.00390625
114.1875,0.0
114.203125,0.00390625
114.21875,0.0078125
114.234375,0.0
114.25,0.00390625
114.265625,0.0
114.28125,0.00390625
114.296875,0.00390625
114.3125,0.0
114.328125,0.0
114.34375,0.00390625
114.359375,0.0
114.375,0.00390625
114.390625,0.00390625
114.40625,0.00390625
114.421875,0.00390625
114.4375,0.00390625
114.453125,0.00390625
114.46875,0.0
114.484375,0.00390625
114.5,0.00390625
114.515625,0.00390625
114.53125,0.00390625
114.546875,0.00390625
114.5625,0.01171875
114.578125,0.0
114.59375,0.0078125
114.609375,0.00390625
114.625,0.0
114.640625,0.00390625
114.65625,0.0078125
114.671875,0.0
114.6875,0.0
114.703125,0.0
114.71875,0.0
114.734375,0.00390625
114.75,0.00390625
114.765625,0.0078125
114.78125,0.0
114.796875,0.00390625
114.8125,-0.00390625
114.828125,0.00390625
114.84375,0.00390625
114.859375,0.00390625
114.875,0.00390625
114.890625,0.0078125
114.90625,0.0078125
114.921875,0.0078125
114.9375,-0.0078125
114.953125,0.00390625
114.96875,0.00390625
114.984375,0.00390625
115.0,0.0
115.015625,0.0078125
115.03125,0.00390625
115.046875,0.0
115.0625,0.0078125
115.078125,0.0
115.09375,0.00390625
115.109375,0.00390625
115.125,-0.00390625
115.140625,0.0078125
115.15625,0.0
115.171875,0.00390625
115.1875,0.00390625
115.203125,0.00390625
115.21875,0.00390625
115.234375,-0.00390625
115.25,0.00390625
115.265625,0.0
115.28125,0.0
115.296875,0.00390625
115.3125,0.0
115.328125,-0.00390625
115.34375,0.0
115.359375,0.00390625
115.375,-0.00390625
115.390625,-0.00390625
115.40625,0.00390625
115.421875,0.0
115.4375,0.0078125
115.453125,0.00390625
115.46875,-0.00390625
115.484375,0.0078125
115.5,0.0
115.515625,0.00390625
115.53125,0.00390625
115.546875,0.00390625
115.5625,0.0
115.578125,0.00390625
115.59375,0.0
115.609375,-0.00390625
115.625,0.01171875
115.640625,-0.00390625
115.65625,0.00390625
115.671875,0.00390625
115.6875,0.00390625
115.703125,0.01171875
115.71875,0.00390625
115.734375,0.0
115.75,0.00390625
115.765625,0.00390625
115.78125,0.0078125
115.796875,-0.0078125
115.8125,0.00390625
115.828125,0.0
115.84375,-0.0078125
115.859375,0.00390625
115.875,-0.00390625
115.890625,0.0
115.90625,0.00390625
115.921875,0.0
115.9375,-0.00390625
115.953125,0.00390625
115.96875,0.0
115.984375,0.00390625
116.0,0.0
116.015625,0.00390625
116.03125,-0.00390625
116.046875,0.00390625
116.0625,0.00390625
116.078125,-0.00390625
116.09375,0.00390625
116.109375,0.0
116.125,0.00390625
116.140625,0.0
116.15625,0.00390625
116.171875,0.00390625
116.1875,0.0
116.203125,0.00390625
116.21875,0.0
116.234375,0.0078125
116.25,0.00390625
116.265625,0.0078125
116.28125,0.0
116.296875,0.0
116.3125,0.00390625
116.328125,0.00390625
116.34375,0.00390625
116.359375,0.00390625
116.375,0.00390625
116.390625,0.00390625
116.40625,0.0078125
116.421875,0.00390625
116.4375,0.0
116.453125,0.0078125
116.46875,0.0
116.484375,0.0
116.5,0.0078125
116.515625,0.00390625
116.53125,0.0
116.546875,0.0078125
116.5625,0.0
116.578125,0.00390625
116.59375,0.00390625
116.609375,0.01171875
116.625,0.0
116.640625,0.00390625
116.65625,0.0078125
116.671875,0.0
116.6875,0.0078125
116.703125,0.0078125
116.71875,0.00390625
116.734375,0.0078125
116.75,-0.00390625
116.765625,0.00390625
116.78125,0.00390625
116.796875,0.00390625
116.8125,0.00390625
116.828125,0.00390625
116.84375,0.00390625
116.859375,0.0078125
116.875,-0.0078125
116.890625,0.0
116.90625,0.0
116.921875,0.0078125
116.9375,0.00390625
116.953125,0.0
116.96875,0.0
116.984375,0.00390625
117.0,0.00390625
117.015625,0.0
117.03125,0.00390625
117.046875,0.00390625
117.0625,0.0
117.078125,0.0
117.09375,0.0078125
117.109375,0.00390625
117.125,0.00390625
117.140625,0.0
117.15625,0.0078125
117.171875,0.0
117.1875,0.0
117.203125,0.0078125
117.21875,0.00390625
117.234375,0.00390625
117.25,0.01171875
117.265625,-0.00390625
117.28125,0.0078125
117.296875,0.00390625
117.3125,0.0
117.328125,0.0078125
117.34375,0.00390625
117.359375,0.0078125
117.375,-0.00390625
117.390625,0.01171875
117.40625,-0.00390625
117.421875,0.0078125
117.4375,-0.00390625
117.453125,0.0078125
117.46875,0.0
117.484375,0.01171875
117.5,0.0
117.515625,0.00390625
117.53125,0.00390625
117.546875,0.00390625
117.5625,0.00390625
117.578125,0.00390625
117.59375,0.00390625
117.609375,0.00390625
117.625,0.0078125
117.640625,0.00390625
117.65625,0.01171875
117.671875,0.00390625
117.6875,0.01171875
117.703125,0.00390625
117.71875,0.0078125
117.734375,0.0078125
117.75,0.0
117.765625,0.0078125
117.78125,0.00390625
117.796875,0.00390625
117.8125,0.0078125
117.828125,0.00390625
117.84375,0.0078125
117.859375,0.0
117.875,0.00390625
117.890625,0.00390625
117.90625,-0.00390625
117.921875,0.00390625
117.9375,0.00390625
117.953125,0.0
117.96875,0.0078125
117.984375,0.00390625
118.0,0.00390625
118.015625,0.0
118.03125,0.0078125
118.046875,0.0
118.0625,0.0
118.078125,0.015625
118.09375,-0.00390625
118.109375,0.00390625
118.125,0.00390625
118.140625,0.0
118.15625,0.00390625
118.171875,0.00390625
118.1875,0.00390625
118.203125,0.00390625
118.21875,0.00390625
118.234375,0.0
118.25,0.0
118.265625,0.00390625
118.28125,0.0
118.296875,0.0078125
118.3125,-0.00390625
118.328125,0.0
118.34375,0.00390625
118.359375,0.00390625
118.375,0.0
118.390625,0.0078125
118.40625,0.0
118.421875,0.0078125
118.4375,0.0
118.453125,0.0
118.46875,0.00390625
118.484375,0.00390625
118.5,0.00390625
118.515625,0.00390625
118.53125,0.0078125
118.546875,0.00390625
118.5625,0.00390625
118.578125,0.0
118.59375,0.0078125
118.609375,0.00390625
118.625,0.00390625
118.640625,0.0
118.65625,0.00390625
118.671875,0.00390625
118.6875,0.00390625
118.703125,0.00390625
118.71875,0.00390625
118.734375,0.00390625
118.75,0.00390625
118.765625,0.00390625
118.78125,0.0
118.796875,0.0078125
118.8125,0.0
118.828125,0.00390625
118.84375,0.00390625
118.859375,0.0
118.875,0.00390625
118.890625,0.00390625
118.90625,0.0078125
118.921875,-0.00390625
118.9375,0.00390625
118.953125,0.0
118.96875,0.00390625
118.984375,0.0078125
119.0,0.0078125
119.015625,0.00390625
119.03125,0.00390625
119.046875,0.00390625
119.0625,0.0
119.078125,0.00390625
119.09375,0.0078125
119.109375,0.00390625
119.125,-0.00390625
119.140625,0.00390625
119.15625,0.00390625
119.171875,-0.00390625
119.1875,0.01171875
119.203125,0.0
119.21875,-0.00390625
119.234375,0.00390625
119.25,0.0078125
119.265625,0.00390625
119.28125,0.0
119.296875,0.0078125
119.3125,0.0
119.328125,0.0
119.34375,0.0078125
119.359375,0.0
119.375,0.0
119.390625,0.00390625
119.40625,0.00390625
119.421875,0.0
119.4375,0.00390625
119.453125,0.00390625
119.46875,-0.00390625
119.484375,0.0
119.5,0.0
119.515625,0.00390625
119.53125,0.00390625
119.546875,0.0078125
119.5625,0.0
119.578125,0.0
119.59375,0.00390625
119.609375,-0.00390625
119.625,0.0078125
119.640625,0.00390625
119.65625,0.01171875
119.671875,-0.00390625
119.6875,0.0078125
119.703125,0.00390625
119.71875,0.00390625
119.734375,0.0
119.75,0.0
119.765625,0.0
119.78125,0.00390625
119.796875,0.0078125
119.8125,0.0
119.828125,0.0078125
119.84375,0.00390625
119.859375,0.00390625
119.875,0.0
119.890625,0.00390625
119.90625,0.0
119.921875,0.00390625
119.9375,0.00390625
119.953125,0.0
119.96875,0.00390625
119.984375,0.0078125
120.0,0.0
120.015625,0.00390625
120.03125,0.0078125
120.046875,-0.00390625
120.0625,0.0078125
120.078125,0.0
120.09375,0.01171875
120.109375,0.0078125
120.125,0.0
120.140625,0.0078125
120.15625,0.0
120.171875,0.00390625
120.1875,0.00390625
120.203125,0.0
120.21875,0.00390625
120.234375,0.0
120.25,0.0078125
120.265625,0.00390625
120.28125,0.00390625
120.296875,0.0078125
120.3125,0.0
120.328125,0.0078125
120.34375,0.0
120.359375,0.0
120.375,0.0078125
120.390625,0.0
120.40625,0.0078125
120.421875,0.0
120.4375,0.00390625
120.453125,0.00390625
120.46875,0.0
120.484375,0.0078125
120.5,-0.00390625
120.515625,0.0078125
120.53125,0.0078125
120.546875,0.00390625
120.5625,0.00390625
120.578125,0.00390625
120.59375,0.01171875
120.609375,0.0
120.625,0.00390625
120.640625,0.0
120.65625,0.0
120.671875,0.0078125
120.6875,0.00390625
120.703125,0.00390625
120.71875,0.00390625
120.734375,0.0
120.75,0.0078125
120.765625,0.00390625
120.78125,0.00390625
120.796875,0.00390625
120.8125,0.00390625
120.828125,0.00390625
120.84375,0.0
120.859375,0.0
120.875,0.00390625
120.890625,0.0
120.90625,0.0078125
120.921875,0.0
120.9375,0.0078125
120.953125,0.00390625
120.96875,0.00390625
120.984375,0.00390625
121.0,0.00390625
121.015625,0.00390625
121.03125,0.0078125
121.046875,0.0078125
121.0625,0.0
121.078125,0.00390625
121.09375,0.00390625
121.109375,0.00390625
121.125,0.00390625
121.140625,0.00390625
121.15625,0.0
121.171875,0.0078125
121.1875,0.0
121.203125,0.0078125
121.21875,0.00390625
121.234375,-0.00390625
121.25,0.0078125
121.265625,0.00390625
121.28125,0.0
121.296875,0.0078125
121.3125,-0.00390625
121.328125,0.00390625
121.34375,0.00390625
121.359375,0.00390625
121.375,-0.00390625
121.390625,0.0078125
121.40625,0.01171875
121.421875,-0.00390625
121.4375,0.0
121.453125,0.0078125
121.46875,0.0
121.484375,0.00390625
121.5,0.0
121.515625,0.00390625
121.53125,-0.00390625
121.546875,0.0078125
121.5625,0.0
121.578125,-0.00390625
121.59375,0.00390625
121.609375,0.0
121.625,0.0
121.640625,0.00390625
121.65625,0.00390625
121.671875,-0.00390625
121.6875,0.0
121.703125,0.0078125
121.71875,0.0
121.734375,0.0
121.75,0.0078125
121.765625,0.0
121.78125,0.00390625
121.796875,0.0
121.8125,-0.00390625
121.828125,0.0
121.84375,0.00390625
121.859375,0.00390625
121.875,0.00390625
121.890625,0.0
121.90625,0.00390625
121.921875,0.00390625
121.9375,0.0
121.953125,0.0
121.96875,-0.00390625
121.984375,-0.00390625
122.0,0.00390625
122.015625,0.00390625
122.03125,0.0
122.046875,0.0
122.0625,0.00390625
122.078125,0.0078125
122.09375,0.00390625
122.109375,0.0
122.125,0.0
122.140625,0.0
122.15625,-0.00390625
122.171875,0.0078125
122.1875,0.0078125
122.203125,0.0
122.21875,0.0
122.234375,0.00390625
122.25,0.00390625
122.265625,0.01171875
122.28125,0.00390625
122.296875,-0.00390625
122.3125,0.0
122.328125,0.00390625
122.34375,0.0078125
122.359375,0.0
122.375,-0.00390625
122.390625,-0.00390625
122.40625,0.0
122.421875,0.00390625
122.4375,-0.00390625
122.453125,0.0
122.46875,0.0078125
122.484375,0.0
122.5,0.0
122.515625,0.0078125
122.53125,-0.00390625
122.546875,0.00390625
122.5625,0.0
122.578125,0.0
122.59375,0.0078125
122.609375,-0.00390625
122.625,0.01171875
122.640625,0.0078125
122.65625,-0.00390625
122.671875,0.00390625
122.6875,-0.00390625
122.703125,0.0
122.71875,0.01171875
122.734375,0.00390625
122.75,-0.00390625
122.765625,0.00390625
122.78125,0.0078125
122.796875,0.0
122.8125,0.0
122.828125,0.00390625
122.84375,0.00390625
122.859375,0.0
122.875,0.00390625
122.890625,0.00390625
122.90625,0.0
122.921875,0.0
122.9375,0.0078125
122.953125,0.0
122.96875,0.00390625
122.984375,0.00390625
123.0,0.00390625
123.015625,0.0
123.03125,0.0
123.046875,0.00390625
123.0625,0.00390625
123.078125,0.00390625
123.09375,0.00390625
123.109375,0.0
123.125,0.0078125
123.140625,0.00390625
123.15625,0.0
123.171875,0.00390625
123.1875,0.0
123.203125,0.01171875
123.21875,0.00390625
123.234375,0.0078125
123.25,0.0
123.265625,0.0
123.28125,-0.00390625
123.296875,0.0078125
123.3125,0.0
123.328125,0.00390625
123.34375,0.00390625
123.359375,0.00390625
123.375,0.0
123.390625,0.00390625
123.40625,0.00390625
123.421875,0.00390625
123.4375,-0.00390625
123.453125,0.00390625
123.46875,0.00390625
123.484375,0.0
123.5,0.0078125
123.515625,0.0
123.53125,0.0078125
123.546875,0.0078125
123.5625,0.00390625
123.578125,0.0
123.59375,0.00390625
123.609375,0.00390625
123.625,0.00390625
123.640625,0.0
123.65625,0.00390625
123.671875,0.0
123.6875,0.00390625
123.703125,0.0078125
123.71875,0.0
123.734375,0.00390625
123.75,0.0
123.765625,0.0078125
123.78125,0.0
123.796875,0.00390625
123.8125,0.0078125
123.828125,0.0
123.84375,0.01171875
123.859375,0.00390625
123.875,0.0
123.890625,0.0078125
123.90625,0.00390625
123.921875,0.0
123.9375,0.0078125
123.953125,0.0
123.96875,0.00390625
123.984375,0.0
124.0,0.00390625
124.015625,0.00390625
124.03125,0.0078125
124.046875,0.00390625
124.0625,0.0
124.078125,0.0078125
124.09375,0.00390625
124.109375,-0.00390625
124.125,0.00390625
124.140625,0.00390625
124.15625,0.00390625
124.171875,0.0
124.1875,0.00390625
124.203125,0.01171875
124.21875,0.00390625
124.234375,0.00390625
124.25,0.0
124.265625,0.0078125
124.28125,0.00390625
124.296875,0.00390625
124.3125,0.0
124.328125,0.00390625
124.34375,0.00390625
124.359375,0.0078125
124.375,0.00390625
124.390625,0.00390625
124.40625,0.00390625
124.421875,0.00390625
124.4375,0.0078125
124.453125,0.0078125
124.46875,0.0078125
124.484375,0.00390625
124.5,0.0
124.515625,0.00390625
124.53125,0.01171875
124.546875,0.0
124.5625,0.00390625
124.578125,0.0
124.59375,0.00390625
124.609375,0.0
124.625,0.0
124.640625,0.00390625
124.65625,0.0
124.671875,0.00390625
124.6875,0.00390625
124.703125,0.00390625
124.71875,0.00390625
124.734375,0.00390625
124.75,0.00390625
124.765625,0.00390625
124.78125,0.0
124.796875,0.0
124.8125,0.01171875
124.828125,0.00390625
124.84375,0.00390625
124.859375,0.00390625
124.875,0.00390625
124.890625,0.0078125
124.90625,-0.0078125
124.921875,0.00390625
124.9375,0.00390625
124.953125,0.0078125
124.96875,0.0078125
124.984375,0.0078125
125.0,0.00390625
125.015625,0.00390625
125.03125,0.00390625
125.046875,0.00390625
125.0625,0.0
125.078125,0.0078125
125.09375,0.0
125.109375,0.00390625
125.125,0.00390625
125.140625,0.00390625
125.15625,0.00390625
125.171875,0.00390625
125.1875,0.0
125.203125,0.0
125.21875,0.00390625
125.234375,0.00390625
125.25,0.00390625
125.265625,0.00390625
125.28125,0.0
125.296875,0.0078125
125.3125,0.00390625
125.328125,0.0
125.34375,0.00390625
125.359375,0.0
125.375,0.0078125
125.390625,0.00390625
125.40625,0.0078125
125.421875,0.00390625
125.4375,0.00390625
125.453125,0.00390625
125.46875,0.00390625
125.484375,0.0
125.5,0.00390625
125.515625,0.0
125.53125,0.0078125
125.546875,-0.00390625
125.5625,0.01171875
125.578125,0.00390625
125.59375,0.01171875
125.609375,0.0
125.625,0.00390625
125.640625,0.0078125
125.65625,0.0
125.671875,0.0
125.6875,0.0
125.703125,0.00390625
125.71875,0.0
125.734375,0.00390625
125.75,0.01171875
125.765625,0.0
125.78125,0.0078125
125.796875,0.00390625
125.8125,0.0078125
125.828125,0.0
125.84375,0.00390625
125.859375,0.00390625
125.875,0.0078125
125.890625,0.00390625
125.90625,0.00390625
125.921875,0.0
125.9375,0.0
125.953125,0.0078125
125.96875,0.0
125.984375,0.00390625
126.0,-0.00390625
126.015625,0.0
126.03125,0.0078125
126.046875,0.0
126.0625,0.0078125
126.078125,0.0
126.09375,0.0
126.109375,0.01171875
126.125,0.00390625
126.140625,0.0
126.15625,0.0
126.171875,0.00390625
126.1875,0.0078125
126.203125,0.0
126.21875,0.00390625
126.234375,0.00390625
126.25,0.00390625
126.265625,0.00390625
126.28125,-0.00390625
126.296875,0.0
126.3125,-0.00390625
126.328125,0.00390625
126.34375,0.00390625
126.359375,0.00390625
126.375,0.0
126.390625,0.0
126.40625,0.0
126.421875,0.0078125
126.4375,-0.00390625
126.453125,0.0078125
126.46875,0.0078125
126.484375,0.0
126.5,0.00390625
126.515625,-0.00390625
126.53125,0.00390625
126.546875,0.0
126.5625,0.00390625
126.578125,0.0
126.59375,0.0
126.609375,0.00390625
126.625,0.00390625
126.640625,0.00390625
126.65625,-0.00390625
126.671875,0.00390625
126.6875,0.00390625
126.703125,-0.00390625
126.71875,0.0078125
126.734375,0.0
126.75,0.0
126.765625,0.0078125
126.78125,0.0
126.796875,-0.00390625
126.8125,0.00390625
126.828125,0.0
126.84375,-0.00390625
126.859375,0.0
126.875,0.00390625
126.890625,0.00390625
126.90625,0.00390625
126.921875,0.00390625
126.9375,0.0
126.953125,0.0
126.96875,0.0078125
126.984375,0.0
127.0,0.0
127.015625,0.00390625
127.03125,0.0078125
127.046875,0.0
127.0625,0.00390625
127.078125,0.0078125
127.09375,0.0
127.109375,0.0
127.125,0.0078125
127.140625,0.0
127.15625,0.0
127.171875,0.01171875
127.1875,-0.00390625
127.203125,0.0078125
127.21875,0.00390625
127.234375,-0.00390625
127.25,0.00390625
127.265625,0.00390625
127.28125,0.0
127.296875,0.0078125
127.3125,0.00390625
127.328125,0.00390625
127.34375,0.00390625
127.359375,0.00390625
127.375,0.0
127.390625,0.0
127.40625,0.01171875
127.421875,-0.00390625
127.4375,0.00390625
127.453125,0.0078125
127.46875,-0.00390625
127.484375,0.00390625
127.5,0.00390625
127.515625,0.00390625
127.53125,0.00390625
127.546875,0.00390625
127.5625,0.01171875
127.578125,0.00390625
127.59375,0.00390625
127.609375,0.00390625
127.625,0.0
127.640625,0.00390625
127.65625,0.0
127.671875,0.00390625
127.6875,0.00390625
127.703125,0.0
127.71875,0.0
127.734375,0.00390625
127.75,0.00390625
127.765625,0.0078125
127.78125,0.0
127.796875,0.01171875
127.8125,0.0
127.828125,0.0078125
127.84375,0.0
127.859375,0.00390625
127.875,0.00390625
127.890625,0.00390625
127.90625,0.0078125
127.921875,0.0078125
127.9375,0.0
127.953125,0.0078125
127.96875,0.0
127.984375,0.00390625
128.0,0.00390625
128.015625,0.0
128.03125,0.0
128.046875,0.0
128.0625,0.00390625
128.078125,0.00390625
128.09375,0.00390625
128.109375,0.00390625
128.125,-0.00390625
128.140625,0.0078125
128.15625,0.00390625
128.171875,0.00390625
128.1875,0.0
128.203125,0.00390625
128.21875,0.00390625
128.234375,0.0078125
128.25,0.0
128.265625,-0.00390625
128.28125,0.00390625
128.296875,0.0078125
128.3125,0.0
128.328125,0.0
128.34375,0.00390625
128.359375,0.00390625
128.375,0.00390625
128.390625,0.0078125
128.40625,-0.00390625
128.421875,0.0
128.4375,0.0078125
128.453125,0.0
128.46875,0.0
128.484375,0.0
128.5,0.0
128.515625,0.0078125
128.53125,-0.00390625
128.546875,0.0
128.5625,0.00390625
128.578125,-0.00390625
128.59375,0.01171875
128.609375,0.00390625
128.625,0.01171875
128.640625,0.0
128.65625,0.0
128.671875,0.00390625
128.6875,0.0
128.703125,0.0
128.71875,0.00390625
128.734375,0.0
128.75,0.015625
128.765625,0.0
128.78125,0.0
128.796875,0.0
128.8125,0.0078125
128.828125,0.0078125
128.84375,0.0
128.859375,0.0
128.875,-0.00390625
128.890625,-0.00390625
128.90625,0.00390625
128.921875,0.00390625
128.9375,0.00390625
128.953125,0.00390625
128.96875,-0.00390625
128.984375,0.00390625
129.0,-0.00390625
129.015625,0.0078125
129.03125,0.00390625
129.046875,0.0078125
129.0625,0.00390625
129.078125,0.00390625
129.09375,0.00390625
129.109375,0.0
129.125,0.00390625
129.140625,0.0
129.15625,0.0078125
129.171875,0.0
129.1875,0.0
129.203125,0.0
129.21875,0.0
129.234375,0.00390625
129.25,-0.00390625
129.265625,0.01171875
129.28125,0.0
129.296875,0.0
129.3125,0.01171875
129.328125,0.0
129.34375,0.0078125
129.359375,0.0
129.375,-0.00390625
129.390625,0.00390625
129.40625,0.0
129.421875,0.00390625
129.4375,0.0078125
129.453125,0.0
129.46875,0.0078125
129.484375,0.00390625
129.5,0.00390625
129.515625,-0.00390625
129.53125,0.00390625
129.546875,0.00390625
129.5625,0.0
129.578125,0.0078125
129.59375,0.0
129.609375,0.0078125
129.625,0.00390625
129.640625,0.0
129.65625,0.0
129.671875,0.00390625
129.6875,0.00390625
129.703125,0.00390625
129.71875,0.0
129.734375,0.00390625
129.75,0.00390625
129.765625,0.00390625
129.78125,0.00390625
129.796875,0.00390625
129.8125,0.00390625
129.828125,0.0
129.84375,0.0
129.859375,0.0078125
129.875,-0.00390625
129.890625,0.0078125
129.90625,0.00390625
129.921875,0.0078125
129.9375,0.00390625
129.953125,0.00390625
129.96875,0.0
129.984375,0.0
130.0,0.00390625
130.015625,0.0
130.03125,0.00390625
130.046875,0.0
130.0625,0.00390625
130.078125,0.0
130.09375,0.0078125
130.109375,-0.00390625
130.125,0.00390625
130.140625,0.0078125
130.15625,0.0
130.171875,0.00390625
130.1875,0.0078125
130.203125,0.00390625
130.21875,0.00390625
130.234375,0.00390625
130.25,0.0
130.265625,0.0078125
130.28125,0.00390625
130.296875,0.00390625
130.3125,0.0
130.328125,0.0078125
130.34375,0.0078125
130.359375,0.0
130.375,0.0
130.390625,0.00390625
130.40625,0.00390625
130.421875,0.0078125
130.4375,0.0
130.453125,0.00390625
130.46875,0.00390625
130.484375,0.0078125
130.5,0.00390625
130.515625,0.00390625
130.53125,0.0078125
130.546875,-0.00390625
130.5625,0.0
130.578125,0.00390625
130.59375,0.00390625
130.609375,0.00390625
130.625,0.00390625
130.640625,0.00390625
130.65625,0.0078125
130.671875,0.0
130.6875,0.00390625
130.703125,-0.00390625
130.71875,0.00390625
130.734375,0.0
130.75,0.00390625
130.765625,0.00390625
130.78125,0.01171875
130.796875,-0.00390625
130.8125,0.00390625
130.828125,0.00390625
130.84375,0.0
130.859375,0.0
130.875,0.00390625
130.890625,0.01171875
130.90625,0.0
130.921875,0.0
130.9375,0.0
130.953125,0.00390625
130.96875,0.01171875
130.984375,-0.00390625
131.0,0.0
131.015625,-0.00390625
131.03125,0.0
131.046875,0.00390625
131.0625,0.0078125
131.078125,0.0
131.09375,0.00390625
131.109375,0.00390625
131.125,0.0
131.140625,0.0
131.15625,0.0
131.171875,0.0078125
131.1875,0.0
131.203125,0.0
131.21875,0.0
131.234375,0.0
131.25,0.00390625
131.265625,0.00390625
131.28125,0.0
131.296875,0.0078125
131.3125,0.0078125
131.328125,0.0
131.34375,0.0
131.359375,0.00390625
131.375,0.01171875
131.390625,0.00390625
131.40625,0.00390625
131.421875,0.00390625
131.4375,0.0078125
131.453125,0.00390625
131.46875,0.0078125
131.484375,-0.00390625
131.5,0.0078125
131.515625,0.00390625
131.53125,0.00390625
131.546875,0.00390625
131.5625,0.0078125
131.578125,0.00390625
131.59375,0.00390625
131.609375,0.0
131.625,0.0
131.640625,-0.00390625
131.65625,0.00390625
131.671875,0.00390625
131.6875,0.0
131.703125,0.0
131.71875,0.00390625
131.734375,0.0
131.75,0.00390625
131.765625,0.0078125
131.78125,0.0
131.796875,0.00390625
131.8125,0.00390625
131.828125,0.0
131.84375,0.0078125
131.859375,-0.00390625
131.875,0.00390625
131.890625,0.0
131.90625,-0.00390625
131.921875,0.0
131.9375,-0.00390625
131.953125,0.0078125
131.96875,0.0
131.984375,0.00390625
132.0,0.01171875
132.015625,-0.00390625
132.03125,0.0078125
132.046875,0.00390625
132.0625,0.0
132.078125,0.00390625
132.09375,0.00390625
132.109375,0.0
132.125,0.0
132.140625,0.00390625
132.15625,0.01171875
132.171875,0.0
132.1875,0.0078125
132.203125,0.00390625
132.21875,0.0078125
132.234375,0.00390625
132.25,0.0078125
132.265625,0.0078125
132.28125,0.0
132.296875,0.0
132.3125,0.0
132.328125,0.00390625
132.34375,0.00390625
132.359375,0.0
132.375,0.0078125
132.390625,0.0
132.40625,0.0
132.421875,0.00390625
132.4375,0.00390625
132.453125,0.0078125
132.46875,0.0
132.484375,0.0078125
132.5,0.00390625
132.515625,0.0
132.53125,0.00390625
132.546875,0.00390625
132.5625,0.00390625
132.578125,0.0078125
132.59375,0.00390625
132.609375,0.0
132.625,0.00390625
132.640625,0.00390625
132.65625,0.00390625
132.671875,0.00390625
132.6875,0.0078125
132.703125,0.0
132.71875,0.00390625
132.734375,0.00390625
132.75,-0.00390625
132.765625,0.00390625
132.78125,0.00390625
132.796875,0.00390625
132.8125,0.0
132.828125,0.0078125
132.84375,0.0
132.859375,0.00390625
132.875,0.00390625
132.890625,0.00390625
132.90625,0.0
132.921875,0.0
132.9375,0.00390625
132.953125,0.00390625
132.96875,0.0078125
132.984375,0.00390625
133.0,0.00390625
133.015625,0.00390625
133.03125,0.00390625
133.046875,0.0
133.0625,0.00390625
133.078125,0.0
133.09375,0.01171875
133.109375,0.0
133.125,0.00390625
133.140625,0.0078125
133.15625,0.0
133.171875,0.0
133.1875,0.00390625
133.203125,0.0
133.21875,0.0078125
133.234375,0.00390625
133.25,0.01171875
133.265625,0.0
133.28125,-0.00390625
133.296875,0.00390625
133.3125,0.0078125
133.328125,0.00390625
133.34375,0.0078125
133.359375,0.0
133.375,0.00390625
133.390625,0.0
133.40625,0.00390625
133.421875,-0.00390625
133.4375,0.0
133.453125,0.00390625
133.46875,0.00390625
133.484375,-0.00390625
133.5,0.0078125
133.515625,0.00390625
133.53125,0.00390625
133.546875,0.01171875
133.5625,0.0
133.578125,0.0
133.59375,0.0078125
133.609375,0.0
133.625,-0.00390625
133.640625,0.00390625
133.65625,-0.00390625
133.671875,0.00390625
133.6875,0.00390625
133.703125,0.0
133.71875,0.00390625
133.734375,-0.00390625
133.75,0.0078125
133.765625,0.0078125
133.78125,0.0
133.796875,0.0078125
133.8125,0.0
133.828125,0.00390625
133.84375,0.00390625
133.859375,0.00390625
133.875,-0.00390625
133.890625,0.0078125
133.90625,0.0
133.921875,0.00390625
133.9375,0.00390625
133.953125,-0.00390625
133.96875,0.00390625
133.984375,0.0
134.0,0.00390625
134.015625,0.00390625
134.03125,0.0
134.046875,0.00390625
134.0625,0.00390625
134.078125,0.00390625
134.09375,0.00390625
134.109375,0.0
134.125,0.00390625
134.140625,0.00390625
134.15625,0.0
134.171875,0.0
134.1875,0.00390625
134.203125,0.00390625
134.21875,0.00390625
134.234375,0.0
134.25,0.0078125
134.265625,-0.00390625
134.28125,0.00390625
134.296875,0.00390625
134.3125,0.0
134.328125,0.0078125
134.34375,0.00390625
134.359375,0.00390625
134.375,0.00390625
134.390625,0.00390625
134.40625,0.0
134.421875,0.00390625
134.4375,0.01171875
134.453125,0.0
134.46875,-0.00390625
134.484375,0.0
134.5,0.0
134.515625,0.0
134.53125,0.00390625
134.546875,0.0
134.5625,0.0078125
134.578125,0.0
134.59375,0.00390625
134.609375,-0.00390625
134.625,0.0
134.640625,0.0078125
134.65625,0.00390625
134.671875,0.0078125
134.6875,0.0
134.703125,0.0
134.71875,0.01171875
134.734375,0.00390625
134.75,0.00390625
134.765625,0.0
134.78125,0.00390625
134.796875,0.00390625
134.8125,-0.00390625
134.828125,0.0078125
134.84375,0.00390625
134.859375,0.0
134.875,0.00390625
134.890625,0.00390625
134.90625,0.0
134.921875,0.0
134.9375,0.00390625
134.953125,0.0
134.96875,0.0
134.984375,0.00390625
135.0,0.0
135.015625,0.00390625
135.03125,0.0
135.046875,0.00390625
135.0625,0.0
135.078125,0.00390625
135.09375,0.0078125
135.109375,0.00390625
135.125,0.00390625
135.140625,0.00390625
135.15625,0.0
135.171875,0.00390625
135.1875,-0.0078125
135.203125,0.00390625
135.21875,0.00390625
135.234375,0.0
135.25,-0.00390625
135.265625,0.0078125
135.28125,0.0
135.296875,0.00390625
135.3125,0.01171875
135.328125,0.0
135.34375,0.0078125
135.359375,0.0078125
135.375,-0.0078125
135.390625,0.00390625
135.40625,0.0
135.421875,0.00390625
135.4375,0.01171875
135.453125,0.00390625
135.46875,0.0078125
135.484375,0.00390625
135.5,0.00390625
135.515625,0.0078125
135.53125,-0.00390625
135.546875,0.00390625
135.5625,0.00390625
135.578125,0.00390625
135.59375,0.00390625
135.609375,-0.00390625
135.625,0.0078125
135.640625,0.0078125
135.65625,0.00390625
135.671875,0.01171875
135.6875,-0.00390625
135.703125,0.0078125
135.71875,0.00390625
135.734375,0.00390625
135.75,0.0
135.765625,0.0
135.78125,0.00390625
135.796875,0.0
135.8125,0.00390625
135.828125,-0.00390625
135.84375,0.00390625
135.859375,0.0078125
135.875,0.00390625
135.890625,0.00390625
135.90625,0.0078125
135.921875,0.0
135.9375,0.00390625
135.953125,0.01171875
135.96875,0.00390625
135.984375,0.0
136.0,0.00390625
136.015625,0.0078125
136.03125,0.0
136.046875,0.0078125
136.0625,0.00390625
136.078125,0.00390625
136.09375,0.00390625
136.109375,0.0078125
136.125,0.0
136.140625,0.00390625
136.15625,0.0078125
136.171875,0.0
136.1875,0.0078125
136.203125,0.0078125
136.21875,0.00390625
136.234375,0.00390625
136.25,0.00390625
136.265625,0.0
136.28125,0.00390625
136.296875,0.0
136.3125,0.0078125
136.328125,0.0
136.34375,0.00390625
136.359375,0.0
136.375,0.00390625
136.390625,0.0078125
136.40625,0.0
136.421875,0.00390625
136.4375,0.00390625
136.453125,0.0
136.46875,0.0078125
136.484375,-0.0078125
136.5,0.00390625
136.515625,0.01171875
136.53125,0.0078125
136.546875,0.00390625
136.5625,-0.00390625
136.578125,0.00390625
136.59375,0.00390625
136.609375,0.00390625
136.625,0.00390625
136.640625,0.0
136.65625,0.01171875
136.671875,0.00390625
136.6875,0.0078125
136.703125,0.00390625
136.71875,0.0
136.734375,0.00390625
136.75,0.0
136.765625,0.00390625
136.78125,0.0
136.796875,-0.00390625
136.8125,0.0
136.828125,-0.00390625
136.84375,0.00390625
136.859375,0.00390625
136.875,0.00390625
136.890625,0.00390625
136.90625,-0.00390625
136.921875,0.0
136.9375,0.00390625
136.953125,0.0
136.96875,0.0078125
136.984375,-0.00390625
137.0,0.0078125
137.015625,0.0
137.03125,0.00390625
137.046875,0.0
137.0625,-0.00390625
137.078125,0.0078125
137.09375,0.0
137.109375,0.00390625
137.125,0.0078125
137.140625,-0.0078125
137.15625,0.00390625
137.171875,0.00390625
137.1875,0.0
137.203125,-0.00390625
137.21875,0.0
137.234375,0.00390625
137.25,0.00390625
137.265625,0.0078125
137.28125,0.00390625
137.296875,0.0
137.3125,0.00390625
137.328125,0.01171875
137.34375,-0.00390625
137.359375,0.0
137.375,0.00390625
137.390625,0.00390625
137.40625,0.00390625
137.421875,0.0078125
137.4375,0.0
137.453125,0.00390625
137.46875,0.0078125
137.484375,0.0
137.5,0.00390625
137.515625,0.00390625
137.53125,0.00390625
137.546875,-0.00390625
137.5625,-0.00390625
137.578125,0.00390625
137.59375,0.0
137.609375,0.0
137.625,0.00390625
137.640625,0.0
137.65625,0.00390625
137.671875,0.00390625
137.6875,0.0
137.703125,0.0
137.71875,0.00390625
137.734375,0.00390625
137.75,0.00390625
137.765625,0.01171875
137.78125,-0.00390625
137.796875,0.0
137.8125,0.0078125
137.828125,0.0
137.84375,0.0
137.859375,0.00390625
137.875,0.0
137.890625,0.00390625
137.90625,0.00390625
137.921875,0.0
137.9375,0.0
137.953125,-0.00390625
137.96875,0.0078125
137.984375,0.0
138.0,0.0078125
138.015625,0.00390625
138.03125,0.0078125
138.046875,0.0
138.0625,0.00390625
138.078125,0.00390625
138.09375,0.0
138.109375,0.00390625
138.125,0.00390625
138.140625,0.0
138.15625,0.0078125
138.171875,-0.00390625
138.1875,0.0078125
138.203125,0.0
138.21875,0.00390625
138.234375,0.00390625
138.25,0.0
138.265625,0.0078125
138.28125,0.0
138.296875,0.00390625
138.3125,0.00390625
138.328125,0.0
138.34375,0.00390625
138.359375,0.00390625
138.375,-0.00390625
138.390625,0.0078125
138.40625,0.0078125
138.421875,0.00390625
138.4375,0.0
138.453125,0.0078125
138.46875,0.0
138.484375,0.00390625
138.5,0.0078125
138.515625,0.00390625
138.53125,-0.00390625
138.546875,0.00390625
138.5625,0.0078125
138.578125,-0.00390625
138.59375,0.0
138.609375,0.0078125
138.625,0.0
138.640625,0.0
138.65625,0.0078125
138.671875,0.00390625
138.6875,0.0
138.703125,0.0078125
138.71875,0.0
138.734375,-0.00390625
138.75,0.0
138.765625,0.0078125
138.78125,0.0
138.796875,0.0
138.8125,0.0078125
138.828125,0.0078125
138.84375,0.00390625
138.859375,0.00390625
138.875,0.00390625
138.890625,0.00390625
138.90625,0.00390625
138.921875,0.0
138.9375,0.00390625
138.953125,0.00390625
138.96875,0.01171875
138.984375,0.0
139.0,0.00390625
139.015625,0.00390625
139.03125,0.00390625
139.046875,0.00390625
139.0625,0.00390625
139.078125,0.0
139.09375,0.00390625
139.109375,0.0
139.125,0.0
139.140625,0.0078125
139.15625,0.0
139.171875,0.00390625
139.1875,0.0078125
139.203125,0.0
139.21875,0.00390625
139.234375,-0.00390625
139.25,0.0
139.265625,0.00390625
139.28125,0.01171875
139.296875,0.0
139.3125,0.0078125
139.328125,0.00390625
139.34375,0.0
139.359375,-0.00390625
139.375,0.00390625
139.390625,0.0
139.40625,0.00390625
139.421875,0.00390625
139.4375,0.00390625
139.453125,0.0
139.46875,0.00390625
139.484375,0.0
139.5,0.0
139.515625,0.0
139.53125,0.00390625
139.546875,0.00390625
139.5625,-0.00390625
139.578125,0.0
139.59375,0.0
139.609375,0.00390625
139.625,0.0078125
139.640625,-0.00390625
139.65625,0.0078125
139.671875,0.00390625
139.6875,0.0
139.703125,0.0078125
139.71875,0.0
139.734375,0.00390625
139.75,0.00390625
139.765625,0.0
139.78125,0.0
139.796875,0.0
139.8125,0.0078125
139.828125,0.00390625
139.84375,0.00390625
139.859375,0.0
139.875,0.0
139.890625,0.0
139.90625,0.0078125
139.921875,0.00390625
139.9375,0.0
139.953125,0.0
139.96875,0.0078125
139.984375,0.0
140.0,0.00390625
140.015625,0.00390625
140.03125,0.00390625
140.046875,0.00390625
140.0625,0.00390625
140.078125,0.00390625
140.09375,0.0078125
140.109375,0.0
140.125,0.00390625
140.140625,0.0
140.15625,0.00390625
140.171875,0.01171875
140.1875,-0.00390625
140.203125,0.0078125
140.21875,0.0078125
140.234375,0.0
140.25,0.00390625
140.265625,0.00390625
140.28125,0.00390625
140.296875,0.0
140.3125,0.0
140.328125,0.00390625
140.34375,0.00390625
140.359375,0.0078125
140.375,-0.0078125
140.390625,0.00390625
140.40625,0.01171875
140.421875,0.0
140.4375,0.00390625
140.453125,0.0078125
140.46875,-0.00390625
140.484375,0.0078125
140.5,0.00390625
140.515625,0.0
140.53125,0.0
140.546875,0.0
140.5625,0.00390625
140.578125,0.0
140.59375,0.0
140.609375,0.0078125
140.625,0.0
140.640625,0.0078125
140.65625,0.0
140.671875,0.0078125
140.6875,0.0
140.703125,0.0078125
140.71875,0.0078125
140.734375,0.00390625
140.75,0.00390625
140.765625,0.01171875
140.78125,0.00390625
140.796875,0.0078125
140.8125,0.00390625
140.828125,-0.00390625
140.84375,0.0078125
140.859375,0.00390625
140.875,0.0
140.890625,0.01171875
140.90625,0.00390625
140.921875,0.00390625
140.9375,-0.00390625
140.953125,0.0
140.96875,0.00390625
140.984375,0.0
141.0,0.0
141.015625,0.0
141.03125,0.0078125
141.046875,0.00390625
141.0625,0.0
141.078125,-0.00390625
141.09375,0.0
141.109375,-0.00390625
141.125,0.0078125
141.140625,-0.00390625
141.15625,0.00390625
141.171875,0.0
141.1875,0.0
141.203125,0.0
141.21875,0.00390625
141.234375,0.00390625
141.25,0.01171875
141.265625,0.0
141.28125,0.00390625
141.296875,0.0
141.3125,0.0
141.328125,0.00390625
141.34375,0.0
141.359375,-0.00390625
141.375,0.0078125
141.390625,0.0
141.40625,0.0078125
141.421875,0.00390625
141.4375,0.0078125
141.453125,0.0
141.46875,0.00390625
141.484375,0.00390625
141.5,-0.00390625
141.515625,0.0078125
141.53125,0.01171875
141.546875,0.00390625
141.5625,0.00390625
141.578125,0.0
141.59375,0.01171875
141.609375,0.0078125
141.625,0.00390625
141.640625,0.0
141.65625,0.00390625
141.671875,0.01171875
141.6875,-0.00390625
141.703125,0.0
141.71875,0.0078125
141.734375,0.0
141.75,0.00390625
141.765625,-0.00390625
141.78125,0.01171875
141.796875,0.0
141.8125,0.0078125
141.828125,0.0
141.84375,0.0
141.859375,0.00390625
141.875,0.00390625
141.890625,-0.00390625
141.90625,0.0
141.921875,0.0
141.9375,-0.00390625
141.953125,0.00390625
141.96875,0.0
141.984375,0.00390625
142.0,0.0
142.015625,0.01171875
142.03125,-0.0078125
142.046875,0.00390625
142.0625,0.00390625
142.078125,0.00390625
142.09375,0.00390625
142.109375,0.0078125
142.125,0.00390625
142.140625,0.00390625
142.15625,0.00390625
142.171875,0.0
142.1875,0.00390625
142.203125,0.00390625
142.21875,0.0
142.234375,0.0
142.25,0.0
142.265625,0.0
142.28125,0.0078125
142.296875,0.0
142.3125,0.0078125
142.328125,0.0
142.34375,-0.00390625
142.359375,0.01171875
142.375,0.0
142.390625,0.0078125
142.40625,0.0078125
142.421875,0.0
142.4375,0.00390625
142.453125,0.00390625
142.46875,0.00390625
142.484375,-0.00390625
142.5,-0.00390625
142.515625,0.00390625
142.53125,0.00390625
142.546875,0.0
142.5625,0.0078125
142.578125,0.0
142.59375,0.00390625
142.609375,0.00390625
142.625,0.0
142.640625,0.00390625
142.65625,0.01171875
142.671875,-0.00390625
142.6875,0.0
142.703125,0.0078125
142.71875,0.0
142.734375,0.00390625
142.75,0.00390625
142.765625,0.0
142.78125,0.00390625
142.796875,0.0078125
142.8125,0.0
142.828125,0.0
142.84375,0.0078125
142.859375,0.0
142.875,0.0
142.890625,0.00390625
142.90625,0.00390625
142.921875,0.00390625
142.9375,0.0078125
142.953125,0.0
142.96875,0.0
142.984375,0.0
143.0,0.0
143.015625,0.0
143.03125,0.0078125
143.046875,0.00390625
143.0625,0.0
143.078125,0.00390625
143.09375,0.0
143.109375,0.0
143.125,0.00390625
143.140625,0.00390625
143.15625,0.00390625
143.171875,0.00390625
143.1875,-0.00390625
143.203125,0.00390625
143.21875,0.0
143.234375,0.0
143.25,0.00390625
143.265625,0.00390625
143.28125,0.00390625
143.296875,0.01171875
143.3125,0.00390625
143.328125,0.00390625
143.34375,0.0
143.359375,0.00390625
143.375,0.00390625
143.390625,0.00390625
143.40625,0.00390625
143.421875,0.00390625
143.4375,0.00390625
143.453125,0.00390625
143.46875,0.00390625
143.484375,0.0078125
143.5,0.0
143.515625,0.0078125
143.53125,0.0078125
143.546875,0.0
143.5625,0.0078125
143.578125,0.0078125
143.59375,0.0
143.609375,0.00390625
143.625,0.0
143.640625,0.0
143.65625,0.00390625
143.671875,0.00390625
143.6875,0.0078125
143.703125,0.0
143.71875,0.00390625
143.734375,0.0
143.75,0.0
143.765625,0.0078125
143.78125,0.00390625
143.796875,-0.00390625
143.8125,0.0078125
143.828125,0.00390625
143.84375,0.00390625
143.859375,-0.00390625
143.875,0.0
143.890625,0.00390625
143.90625,0.00390625
143.921875,0.0
143.9375,0.0
143.953125,0.0
143.96875,0.0078125
143.984375,-0.00390625
144.0,-0.00390625
144.015625,0.0
144.03125,0.00390625
144.046875,0.00390625
144.0625,0.0
144.078125,0.0
144.09375,0.00390625
144.109375,0.00390625
144.125,0.00390625
144.140625,0.0
144.15625,0.00390625
144.171875,0.00390625
144.1875,0.00390625
144.203125,0.00390625
144.21875,-0.00390625
144.234375,0.00390625
144.25,0.00390625
144.265625,0.0
144.28125,0.00390625
144.296875,0.0
144.3125,0.0078125
144.328125,0.0
144.34375,0.00390625
144.359375,0.00390625
144.375,0.00390625
144.390625,0.00390625
144.40625,0.00390625
144.421875,0.00390625
144.4375,0.0
144.453125,0.0078125
144.46875,0.00390625
144.484375,0.0
144.5,0.00390625
144.515625,0.00390625
144.53125,0.00390625
144.546875,0.01171875
144.5625,0.00390625
144.578125,0.00390625
144.59375,0.00390625
144.609375,0.0078125
144.625,0.00390625
144.640625,0.00390625
144.65625,0.00390625
144.671875,0.0
144.6875,0.0078125
144.703125,0.00390625
144.71875,0.0
144.734375,0.00390625
144.75,0.0
144.765625,0.0
144.78125,-0.00390625
144.796875,0.00390625
144.8125,0.0
144.828125,0.0
144.84375,0.0078125
144.859375,0.0
144.875,0.00390625
144.890625,0.00390625
144.90625,0.0
144.921875,0.0
144.9375,0.0
144.953125,0.0078125
144.96875,0.00390625
144.984375,0.00390625
145.0,0.00390625
145.015625,0.0
145.03125,0.0078125
145.046875,0.0
145.0625,0.00390625
145.078125,0.0
145.09375,0.00390625
145.109375,0.0078125
145.125,0.0
145.140625,0.00390625
145.15625,0.0
145.171875,0.0
145.1875,0.0078125
145.203125,0.00390625
145.21875,-0.00390625
145.234375,0.0
145.25,0.0078125
145.265625,-0.00390625
145.28125,0.0
145.296875,0.00390625
145.3125,0.00390625
145.328125,0.0
145.34375,0.0
145.359375,0.0
145.375,0.00390625
145.390625,0.00390625
145.40625,-0.0078125
145.421875,0.00390625
145.4375,0.0
145.453125,0.00390625
145.46875,0.0
145.484375,0.0
145.5,0.0078125
145.515625,0.00390625
145.53125,0.0078125
145.546875,0.0
145.5625,0.00390625
145.578125,0.00390625
145.59375,0.0078125
145.609375,-0.00390625
145.625,0.00390625
145.640625,0.00390625
145.65625,0.0
145.671875,0.00390625
145.6875,0.0
145.703125,0.0
145.71875,0.00390625
145.734375,0.00390625
145.75,0.0
145.765625,-0.00390625
145.78125,0.00390625
145.796875,0.0078125
145.8125,0.0
145.828125,0.00390625
145.84375,0.0078125
145.859375,0.0
145.875,0.00390625
145.890625,0.00390625
145.90625,0.0
145.921875,0.0
145.9375,0.00390625
145.953125,0.0
145.96875,0.0
145.984375,0.0078125
146.0,-0.00390625
146.015625,0.00390625
146.03125,0.0078125
146.046875,-0.00390625
146.0625,0.01171875
146.078125,0.0
146.09375,0.00390625
146.109375,0.01171875
146.125,0.0078125
146.140625,0.0
146.15625,0.0
146.171875,0.00390625
146.1875,0.0
146.203125,-0.0078125
146.21875,0.0078125
146.234375,0.0
146.25,0.0
146.265625,0.0
146.28125,0.0
146.296875,0.0078125
146.3125,0.0
146.328125,0.0078125
146.34375,0.00390625
146.359375,0.0
146.375,0.00390625
146.390625,0.0
146.40625,0.0
146.421875,0.0078125
146.4375,0.0078125
146.453125,0.0
146.46875,0.0
146.484375,0.0
146.5,0.0078125
146.515625,0.00390625
146.53125,0.00390625
146.546875,0.00390625
146.5625,0.00390625
146.578125,0.01171875
146.59375,-0.00390625
146.609375,0.00390625
146.625,0.00390625
146.640625,0.00390625
146.65625,0.0
146.671875,0.0
146.6875,0.0078125
146.703125,0.0
146.71875,0.0
146.734375,0.0078125
146.75,-0.00390625
146.765625,0.00390625
146.78125,0.00390625
146.796875,0.0
146.8125,0.00390625
146.828125,0.0078125
146.84375,0.00390625
146.859375,0.0078125
146.875,0.00390625
146.890625,-0.00390625
146.90625,0.0078125
146.921875,0.0
146.9375,0.0078125
146.953125,0.0078125
146.96875,0.00390625
146.984375,0.0
147.0,0.00390625
147.015625,0.00390625
147.03125,0.0
147.046875,0.0
147.0625,0.00390625
147.078125,0.00390625
147.09375,0.00390625
147.109375,0.00390625
147.125,0.00390625
147.140625,0.00390625
147.15625,-0.00390625
147.171875,-0.00390625
147.1875,0.0078125
147.203125,0.0
147.21875,0.00390625
147.234375,0.0
147.25,0.0078125
147.265625,0.00390625
147.28125,0.0
147.296875,0.00390625
147.3125,0.00390625
147.328125,0.0
147.34375,0.0078125
147.359375,0.0
147.375,0.00390625
147.390625,0.00390625
147.40625,0.00390625
147.421875,0.00390625
147.4375,0.00390625
147.453125,0.0078125
147.46875,0.00390625
147.484375,0.00390625
147.5,0.0
147.515625,0.0
147.53125,0.0
147.546875,0.0
147.5625,0.0078125
147.578125,0.0
147.59375,0.00390625
147.609375,0.00390625
147.625,0.00390625
147.640625,0.0078125
147.65625,0.0
147.671875,0.00390625
147.6875,0.00390625
147.703125,0.0078125
147.71875,0.00390625
147.734375,0.00390625
147.75,0.00390625
147.765625,0.0
147.78125,0.0078125
147.796875,0.00390625
147.8125,0.0
147.828125,0.0078125
147.84375,0.0
147.859375,0.0
147.875,0.0
147.890625,0.0078125
147.90625,0.00390625
147.921875,0.0
147.9375,0.0078125
147.953125,0.00390625
147.96875,0.0078125
147.984375,0.0078125
148.0,0.0
148.015625,0.00390625
148.03125,0.01171875
148.046875,0.0
148.0625,0.0078125
148.078125,0.0
148.09375,0.00390625
148.109375,0.0078125
148.125,0.00390625
148.140625,0.0
148.15625,0.0078125
148.171875,0.00390625
148.1875,0.00390625
148.203125,0.00390625
148.21875,0.0
148.234375,0.00390625
148.25,-0.00390625
148.265625,0.00390625
148.28125,0.00390625
148.296875,0.00390625
148.3125,0.00390625
148.328125,0.01171875
148.34375,0.00390625
148.359375,0.0
148.375,0.0078125
148.390625,0.00390625
148.40625,0.00390625
148.421875,0.0
148.4375,0.00390625
148.453125,0.0
148.46875,0.0
148.484375,0.00390625
148.5,-0.00390625
148.515625,0.00390625
148.53125,0.00390625
148.546875,0.0078125
148.5625,0.0078125
148.578125,0.0
148.59375,0.01171875
148.609375,0.0
148.625,0.0078125
148.640625,-0.00390625
148.65625,0.0
148.671875,0.01171875
148.6875,-0.00390625
148.703125,0.0078125
148.71875,0.0078125
148.734375,0.0
148.75,0.00390625
148.765625,0.0
148.78125,0.00390625
148.796875,0.0
148.8125,0.0078125
148.828125,0.00390625
148.84375,0.0
148.859375,0.0
148.875,0.00390625
148.890625,0.0
148.90625,0.00390625
148.921875,0.00390625
148.9375,0.00390625
148.953125,0.00390625
148.96875,0.0
148.984375,0.00390625
149.0,0.00390625
149.015625,0.0
149.03125,0.0078125
149.046875,0.00390625
149.0625,0.00390625
149.078125,0.0078125
149.09375,0.0
149.109375,0.00390625
149.125,0.0
149.140625,0.0078125
149.15625,0.0
149.171875,0.0
149.1875,0.0078125
149.203125,0.00390625
149.21875,0.00390625
149.234375,0.01171875
149.25,0.00390625
149.265625,0.00390625
149.28125,0.0
149.296875,0.00390625
149.3125,0.0078125
149.328125,0.0
149.34375,0.00390625
149.359375,0.00390625
149.375,0.0
149.390625,0.0078125
149.40625,0.0078125
149.421875,0.00390625
149.4375,0.00390625
149.453125,0.00390625
149.46875,0.00390625
149.484375,0.00390625
149.5,0.0078125
149.515625,0.0
149.53125,0.00390625
149.546875,0.01171875
149.5625,-0.00390625
149.578125,0.00390625
149.59375,0.00390625
149.609375,0.0
149.625,0.0
149.640625,0.00390625
149.65625,0.00390625
149.671875,0.00390625
149.6875,0.0
149.703125,0.00390625
149.71875,-0.00390625
149.734375,0.01171875
149.75,0.0078125
149.765625,0.0
149.78125,0.0078125
149.796875,0.0
149.8125,0.0078125
149.828125,-0.00390625
149.84375,0.0078125
149.859375,0.0
149.875,0.0078125
149.890625,0.00390625
149.90625,0.0
149.921875,-0.00390625
149.9375,0.0078125
149.953125,0.0
149.96875,0.00390625
149.984375,0.00390625
150.0,0.00390625
150.015625,0.00390625
150.03125,0.00390625
150.046875,0.00390625
150.0625,0.0
150.078125,0.00390625
150.09375,0.00390625
150.109375,0.0
150.125,0.00390625
150.140625,0.0
150.15625,0.0
150.171875,0.00390625
150.1875,0.00390625
150.203125,0.00390625
150.21875,0.00390625
150.234375,0.00390625
150.25,0.00390625
150.265625,0.0
150.28125,0.00390625
150.296875,0.0
150.3125,0.0
150.328125,0.0
150.34375,0.00390625
150.359375,0.0
150.375,0.0078125
150.390625,0.00390625
150.40625,0.00390625
150.421875,0.0
150.4375,0.00390625
150.453125,0.00390625
150.46875,0.0078125
150.484375,-0.00390625
150.5,0.00390625
150.515625,0.01171875
150.53125,0.0
150.546875,0.0
150.5625,0.00390625
150.578125,0.0078125
150.59375,0.00390625
150.609375,0.0
150.625,0.01171875
150.640625,0.0
150.65625,0.0078125
150.671875,0.0
150.6875,0.0078125
150.703125,-0.00390625
150.71875,0.01171875
150.734375,0.0
150.75,0.00390625
150.765625,0.00390625
150.78125,0.00390625
150.796875,0.0
150.8125,0.00390625
150.828125,0.00390625
150.84375,-0.00390625
150.859375,0.0
150.875,0.00390625
150.890625,0.0
150.90625,0.00390625
150.921875,-0.00390625
150.9375,0.0
150.953125,0.0078125
150.96875,0.0078125
150.984375,0.0
151.0,0.0
151.015625,0.0
151.03125,0.0078125
151.046875,0.0
151.0625,0.00390625
151.078125,0.0
151.09375,0.01171875
151.109375,0.0
151.125,0.0078125
151.140625,-0.0078125
151.15625,0.00390625
151.171875,0.0078125
151.1875,-0.0078125
151.203125,0.0078125
151.21875,0.0
151.234375,0.0
151.25,0.00390625
151.265625,0.00390625
151.28125,-0.00390625
151.296875,0.00390625
151.3125,0.00390625
151.328125,-0.00390625
151.34375,0.0
151.359375,0.01171875
151.375,0.0
151.390625,0.0078125
151.40625,0.0
151.421875,-0.00390625
151.4375,0.00390625
151.453125,0.0078125
151.46875,0.0
151.484375,-0.00390625
151.5,0.01171875
151.515625,0.00390625
151.53125,0.00390625
151.546875,0.0
151.5625,-0.00390625
151.578125,0.00390625
151.59375,0.00390625
151.609375,0.0
151.625,0.0
151.640625,-0.00390625
151.65625,0.0078125
151.671875,0.0
151.6875,0.0
151.703125,0.0
151.71875,0.0
151.734375,0.0
151.75,0.0078125
151.765625,0.00390625
151.78125,-0.0078125
151.796875,0.00390625
151.8125,0.0078125
151.828125,0.0078125
151.84375,0.00390625
151.859375,0.0
151.875,0.0
151.890625,0.01171875
151.90625,-0.00390625
151.921875,0.00390625
151.9375,-0.00390625
151.953125,0.0078125
151.96875,0.0
151.984375,0.0
152.0,0.00390625
152.015625,0.00390625
152.03125,0.00390625
152.046875,-0.00390625
152.0625,0.0078125
152.078125,0.0
152.09375,0.0
152.109375,0.00390625
152.125,0.00390625
152.140625,0.0
152.15625,-0.00390625
152.171875,0.00390625
152.1875,0.00390625
152.203125,0.0
152.21875,0.00390625
152.234375,0.0078125
152.25,0.0
152.265625,0.0
152.28125,0.0078125
152.296875,0.0
152.3125,0.0
152.328125,0.00390625
152.34375,0.00390625
152.359375,0.0
152.375,0.00390625
152.390625,0.0
152.40625,0.0
152.421875,0.0078125
152.4375,0.0
152.453125,0.00390625
152.46875,0.00390625
152.484375,0.00390625
152.5,0.0078125
152.515625,0.00390625
152.53125,0.00390625
152.546875,0.0
152.5625,0.0
152.578125,0.0
152.59375,0.00390625
152.609375,0.00390625
152.625,0.00390625
152.640625,0.0
152.65625,0.00390625
152.671875,-0.00390625
152.6875,0.0
152.703125,0.00390625
152.71875,0.00390625
152.734375,0.0
152.75,0.00390625
152.765625,0.0078125
152.78125,0.0
152.796875,0.00390625
152.8125,0.00390625
152.828125,0.0078125
152.84375,0.0
152.859375,0.00390625
152.875,0.00390625
152.890625,-0.00390625
152.90625,0.00390625
152.921875,0.0078125
152.9375,-0.00390625
152.953125,0.0078125
152.96875,0.0078125
152.984375,0.0
153.0,0.00390625
153.015625,0.0
153.03125,0.0
153.046875,-0.00390625
153.0625,0.00390625
153.078125,-0.00390625
153.09375,0.0
153.109375,0.00390625
153.125,-0.00390625
153.140625,-0.00390625
153.15625,0.0078125
153.171875,-0.0078125
153.1875,0.0
153.203125,0.0
153.21875,0.00390625
153.234375,0.0
153.25,0.0
153.265625,-0.00390625
153.28125,-0.00390625
153.296875,0.00390625
153.3125,-0.00390625
153.328125,-0.00390625
153.34375,0.00390625
153.359375,-0.00390625
153.375,0.0
153.390625,0.00390625
153.40625,0.00390625
153.421875,0.0
153.4375,0.0
153.453125,0.0078125
153.46875,0.00390625
153.484375,-0.00390625
153.5,0.0
153.515625,0.0
153.53125,0.00390625
153.546875,-0.00390625
153.5625,0.00390625
153.578125,0.0078125
153.59375,0.00390625
153.609375,0.0
153.625,0.00390625
153.640625,0.0
153.65625,0.01171875
153.671875,0.00390625
153.6875,0.00390625
153.703125,-0.00390625
153.71875,0.00390625
153.734375,0.0
153.75,0.0
153.765625,0.0
153.78125,0.0
153.796875,0.00390625
153.8125,0.00390625
153.828125,-0.00390625
153.84375,0.00390625
153.859375,-0.00390625
153.875,0.0
153.890625,0.00390625
153.90625,0.0
153.921875,-0.00390625
153.9375,0.00390625
153.953125,0.0078125
153.96875,0.0
153.984375,0.00390625
154.0,0.0
154.015625,-0.00390625
154.03125,0.0078125
154.046875,0.0
154.0625,-0.00390625
154.078125,0.0
154.09375,0.00390625
154.109375,0.00390625
154.125,0.0
154.140625,0.00390625
154.15625,0.0
154.171875,0.0
154.1875,0.00390625
154.203125,-0.00390625
154.21875,0.0078125
154.234375,-0.00390625
154.25,0.0078125
154.265625,-0.00390625
154.28125,0.00390625
154.296875,0.0078125
154.3125,0.0
154.328125,0.0078125
154.34375,0.0
154.359375,0.00390625
154.375,0.00390625
154.390625,-0.00390625
154.40625,0.00390625
154.421875,-0.00390625
154.4375,0.0078125
154.453125,0.0078125
154.46875,-0.00390625
154.484375,0.0078125
154.5,0.0
154.515625,0.00390625
154.53125,0.00390625
154.546875,0.0
154.5625,0.0078125
154.578125,-0.00390625
154.59375,0.0078125
154.609375,0.0
154.625,0.0
154.640625,0.0078125
154.65625,0.0
154.671875,0.0078125
154.6875,0.00390625
154.703125,0.00390625
154.71875,0.0078125
154.734375,-0.00390625
154.75,0.0078125
154.765625,0.00390625
154.78125,0.0
154.796875,0.0
154.8125,-0.00390625
154.828125,0.00390625
154.84375,0.0
154.859375,0.0
154.875,0.00390625
154.890625,-0.00390625
154.90625,0.01171875
154.921875,-0.00390625
154.9375,0.00390625
154.953125,0.0
154.96875,0.00390625
154.984375,0.00390625
155.0,0.00390625
155.015625,0.00390625
155.03125,0.00390625
155.046875,0.00390625
155.0625,0.0
155.078125,-0.00390625
155.09375,0.00390625
155.109375,-0.00390625
155.125,-0.00390625
155.140625,0.01171875
155.15625,0.0
155.171875,0.0
155.1875,0.00390625
155.203125,0.0078125
155.21875,0.00390625
155.234375,0.0
155.25,0.00390625
155.265625,0.00390625
155.28125,0.0078125
155.296875,0.0
155.3125,0.01171875
155.328125,0.0
155.34375,0.00390625
155.359375,0.00390625
155.375,0.0078125
155.390625,0.00390625
155.40625,0.00390625
155.421875,0.00390625
155.4375,0.00390625
155.453125,0.00390625
155.46875,0.00390625
155.484375,0.00390625
155.5,0.00390625
155.515625,0.015625
155.53125,-0.00390625
155.546875,0.00390625
155.5625,0.0078125
155.578125,0.0
155.59375,0.00390625
155.609375,0.0078125
155.625,0.00390625
155.640625,0.0
155.65625,0.0078125
155.671875,-0.00390625
155.6875,0.0
155.703125,0.00390625
155.71875,0.00390625
155.734375,0.0
155.75,0.0
155.765625,-0.00390625
155.78125,0.0078125
155.796875,0.0
155.8125,0.00390625
155.828125,0.0
155.84375,0.00390625
155.859375,0.00390625
155.875,0.00390625
155.890625,0.0
155.90625,0.00390625
155.921875,0.0
155.9375,0.00390625
155.953125,0.00390625
155.96875,0.00390625
155.984375,0.00390625
156.0,0.00390625
156.015625,0.00390625
156.03125,-0.00390625
156.046875,0.00390625
156.0625,0.0078125
156.078125,-0.00390625
156.09375,0.0078125
156.109375,0.00390625
156.125,0.0
156.140625,0.00390625
156.15625,0.00390625
156.171875,-0.00390625
156.1875,0.0
156.203125,0.0078125
156.21875,-0.00390625
156.234375,0.00390625
156.25,0.0
156.265625,0.00390625
156.28125,0.0
156.296875,0.01171875
156.3125,-0.00390625
156.328125,0.0
156.34375,0.00390625
156.359375,0.0
156.375,-0.00390625
156.390625,0.0078125
156.40625,-0.00390625
156.421875,0.00390625
156.4375,0.00390625
156.453125,0.0
156.46875,0.0
156.484375,0.0078125
156.5,0.0
156.515625,0.0
156.53125,0.0
156.546875,0.00390625
156.5625,0.0
156.578125,0.00390625
156.59375,0.00390625
156.609375,0.00390625
156.625,0.00390625
156.640625,0.00390625
156.65625,0.00390625
156.671875,-0.00390625
156.6875,0.0078125
156.703125,0.0078125
156.71875,0.0
156.734375,0.00390625
156.75,0.00390625
156.765625,0.0078125
156.78125,0.00390625
156.796875,0.0
156.8125,0.0
156.828125,0.0
156.84375,0.00390625
156.859375,0.0078125
156.875,-0.00390625
156.890625,0.0078125
156.90625,0.0
156.921875,0.0078125
156.9375,0.00390625
156.953125,-0.00390625
156.96875,0.0
156.984375,0.0
157.0,0.0
157.015625,0.00390625
157.03125,0.0
157.046875,0.00390625
157.0625,0.00390625
157.078125,-0.00390625
157.09375,-0.00390625
157.109375,0.0
157.125,0.0078125
157.140625,0.0
157.15625,0.00390625
157.171875,0.01171875
157.1875,0.0
157.203125,0.00390625
157.21875,0.0
157.234375,0.0
157.25,-0.00390625
157.265625,0.0078125
157.28125,0.00390625
157.296875,0.00390625
157.3125,0.00390625
157.328125,0.00390625
157.34375,0.0
157.359375,0.00390625
157.375,0.00390625
157.390625,0.0
157.40625,0.00390625
157.421875,0.0078125
157.4375,0.0
157.453125,0.0078125
157.46875,0.00390625
157.484375,0.00390625
157.5,0.00390625
157.515625,0.01171875
157.53125,-0.00390625
157.546875,0.00390625
157.5625,0.0078125
157.578125,-0.00390625
157.59375,0.0
157.609375,0.0
157.625,0.00390625
157.640625,0.0
157.65625,0.00390625
157.671875,0.0
157.6875,0.00390625
157.703125,0.00390625
157.71875,0.00390625
157.734375,-0.00390625
157.75,0.00390625
157.765625,0.0
157.78125,0.00390625
157.796875,0.0
157.8125,0.00390625
157.828125,0.00390625
157.84375,0.00390625
157.859375,0.0
157.875,-0.00390625
157.890625,0.00390625
157.90625,0.0
157.921875,0.0078125
157.9375,0.0
157.953125,0.01171875
157.96875,0.00390625
157.984375,0.0
158.0,0.00390625
158.015625,-0.00390625
158.03125,0.0078125
158.046875,0.0078125
158.0625,-0.00390625
158.078125,0.00390625
158.09375,0.00390625
158.109375,0.0078125
158.125,0.00390625
158.140625,0.00390625
158.15625,0.0
158.171875,0.0
158.1875,0.0078125
158.203125,0.0
158.21875,-0.00390625
158.234375,0.0078125
158.25,0.0
158.265625,-0.00390625
158.28125,0.00390625
158.296875,0.0
158.3125,0.0
158.328125,0.0
158.34375,0.01171875
158.359375,-0.0078125
158.375,0.0078125
158.390625,0.0078125
158.40625,-0.00390625
158.421875,0.00390625
158.4375,0.0
158.453125,0.0078125
158.46875,-0.00390625
158.484375,0.0
158.5,0.00390625
158.515625,0.00390625
158.53125,-0.00390625
158.546875,0.00390625
158.5625,0.0
158.578125,0.00390625
158.59375,0.0
158.609375,0.00390625
158.625,0.0
158.640625,0.00390625
158.65625,0.00390625
158.671875,0.0
158.6875,0.00390625
158.703125,0.0
158.71875,-0.00390625
158.734375,0.00390625
158.75,0.0
158.765625,0.00390625
158.78125,0.00390625
158.796875,0.00390625
158.8125,0.00390625
158.828125,0.0
158.84375,0.00390625
158.859375,0.0
158.875,0.01171875
158.890625,0.0078125
158.90625,0.0
158.921875,0.0078125
158.9375,0.00390625
158.953125,0.00390625
158.96875,0.00390625
158.984375,0.0
159.0,0.0
159.015625,0.00390625
159.03125,0.00390625
159.046875,0.0
159.0625,0.0078125
159.078125,0.00390625
159.09375,-0.00390625
159.109375,0.00390625
159.125,0.0
159.140625,0.00390625
159.15625,0.01171875
159.171875,0.0
159.1875,0.0078125
159.203125,0.00390625
159.21875,0.00390625
159.234375,0.0
159.25,-0.00390625
159.265625,0.0078125
159.28125,-0.00390625
159.296875,0.00390625
159.3125,0.00390625
159.328125,0.0
159.34375,0.00390625
159.359375,0.0
159.375,0.00390625
159.390625,0.0
159.40625,0.0
159.421875,0.00390625
159.4375,0.0
159.453125,0.0
159.46875,0.0
159.484375,0.0
159.5,0.0
159.515625,0.0078125
159.53125,0.0078125
159.546875,0.0
159.5625,0.0078125
159.578125,0.00390625
159.59375,0.00390625
159.609375,0.00390625
159.625,-0.00390625
159.640625,0.0078125
159.65625,0.00390625
159.671875,0.00390625
159.6875,0.0078125
159.703125,0.00390625
159.71875,0.00390625
159.734375,0.0
159.75,0.0078125
159.765625,0.0
159.78125,0.0
159.796875,0.00390625
159.8125,0.0078125
159.828125,0.00390625
159.84375,0.00390625
159.859375,0.00390625
159.875,0.0
159.890625,0.00390625
159.90625,-0.00390625
159.921875,0.0
159.9375,0.00390625
159.953125,0.00390625
159.96875,0.00390625
159.984375,0.0
160.0,-0.00390625
160.015625,0.00390625
160.03125,0.00390625
160.046875,0.00390625
160.0625,-0.00390625
160.078125,0.0078125
160.09375,0.00390625
160.109375,0.00390625
160.125,0.00390625
160.140625,0.0078125
160.15625,-0.00390625
160.171875,0.00390625
160.1875,0.00390625
160.203125,0.0
160.21875,0.00390625
160.234375,0.0
160.25,0.0078125
160.265625,0.0
160.28125,0.0
160.296875,0.0
160.3125,0.00390625
160.328125,0.01171875
160.34375,0.00390625
160.359375,0.00390625
160.375,0.00390625
160.390625,0.00390625
160.40625,0.00390625
160.421875,0.0
160.4375,0.0078125
160.453125,0.0
160.46875,0.0
160.484375,0.0078125
160.5,0.00390625
160.515625,0.00390625
160.53125,0.00390625
160.546875,0.00390625
160.5625,0.00390625
160.578125,-0.00390625
160.59375,0.0
160.609375,0.0
160.625,0.0
160.640625,0.00390625
160.65625,0.00390625
160.671875,-0.00390625
160.6875,0.0078125
160.703125,0.0
160.71875,0.00390625
160.734375,0.0
160.75,0.00390625
160.765625,0.01171875
160.78125,0.00390625
160.796875,0.0
160.8125,0.00390625
160.828125,0.00390625
160.84375,0.0
160.859375,0.0078125
160.875,0.00390625
160.890625,0.0
160.90625,-0.00390625
160.921875,0.0
160.9375,0.00390625
160.953125,0.00390625
160.96875,0.0
160.984375,0.0078125
161.0,-0.00390625
161.015625,0.00390625
161.03125,-0.00390625
161.046875,0.00390625
161.0625,0.0
161.078125,0.0
161.09375,0.0
161.109375,0.00390625
161.125,0.0
161.140625,0.00390625
161.15625,0.0
161.171875,0.0
161.1875,0.0
161.203125,0.00390625
161.21875,0.00390625
161.234375,0.0
161.25,0.0
161.265625,0.0
161.28125,0.01171875
161.296875,0.00390625
161.3125,0.00390625
161.328125,0.0078125
161.34375,0.00390625
161.359375,0.01171875
161.375,0.00390625
161.390625,0.00390625
161.40625,0.01171875
161.421875,0.00390625
161.4375,0.00390625
161.453125,0.00390625
161.46875,0.0078125
161.484375,0.00390625
161.5,0.00390625
161.515625,0.0
161.53125,0.00390625
161.546875,0.00390625
161.5625,0.0
161.578125,0.0
161.59375,0.0078125
161.609375,0.0
161.625,0.00390625
161.640625,0.00390625
161.65625,0.00390625
161.671875,0.00390625
161.6875,0.0
161.703125,0.00390625
161.71875,0.00390625
161.734375,0.00390625
161.75,0.00390625
161.765625,0.0
161.78125,0.0
161.796875,0.00390625
161.8125,0.00390625
161.828125,0.00390625
161.84375,0.00390625
161.859375,0.00390625
161.875,0.00390625
161.890625,0.00390625
161.90625,0.01171875
161.921875,0.0
161.9375,0.00390625
161.953125,0.00390625
161.96875,0.00390625
161.984375,0.0078125
162.0,0.0078125
162.015625,0.00390625
162.03125,0.01171875
162.046875,0.0
162.0625,0.00390625
162.078125,0.00390625
162.09375,-0.00390625
162.109375,-0.00390625
162.125,0.0078125
162.140625,0.0
162.15625,0.0
162.171875,0.0078125
162.1875,0.00390625
162.203125,0.00390625
162.21875,0.00390625
162.234375,-0.00390625
162.25,0.00390625
162.265625,-0.00390625
162.28125,0.00390625
162.296875,0.0
162.3125,0.00390625
162.328125,0.0
162.34375,0.00390625
162.359375,0.00390625
162.375,-0.00390625
162.390625,0.0078125
162.40625,0.0
162.421875,0.00390625
162.4375,0.00390625
162.453125,0.0
162.46875,0.0078125
162.484375,-0.00390625
162.5,0.0078125
162.515625,0.00390625
162.53125,0.0078125
162.546875,0.00390625
162.5625,0.0
162.578125,0.00390625
162.59375,0.00390625
162.609375,0.0
162.625,0.00390625
162.640625,0.0
162.65625,0.00390625
162.671875,0.00390625
162.6875,-0.00390625
162.703125,0.0
162.71875,0.0078125
162.734375,0.00390625
162.75,0.0
162.765625,0.0
162.78125,0.01171875
162.796875,0.0
162.8125,-0.00390625
162.828125,0.00390625
162.84375,0.00390625
162.859375,0.00390625
162.875,0.0078125
162.890625,-0.00390625
162.90625,0.00390625
162.921875,0.00390625
162.9375,0.00390625
162.953125,0.0
162.96875,0.00390625
162.984375,0.00390625
163.0,0.0
163.015625,0.00390625
163.03125,-0.00390625
163.046875,0.0
163.0625,-0.00390625
163.078125,0.0078125
163.09375,0.00390625
163.109375,0.0
163.125,0.00390625
163.140625,0.00390625
163.15625,0.0
163.171875,0.0
163.1875,0.0
163.203125,0.0
163.21875,0.0
163.234375,0.00390625
163.25,-0.00390625
163.265625,0.0
163.28125,0.00390625
163.296875,0.00390625
163.3125,0.00390625
163.328125,0.01171875
163.34375,-0.00390625
163.359375,0.0
163.375,0.0078125
163.390625,0.0
163.40625,0.0
163.421875,0.0078125
163.4375,0.01171875
163.453125,0.0
163.46875,0.0
163.484375,0.0
163.5,0.00390625
163.515625,0.00390625
163.53125,0.0
163.546875,0.00390625
163.5625,0.0078125
163.578125,0.00390625
163.59375,0.0
163.609375,0.0078125
163.625,0.0
163.640625,-0.00390625
163.65625,0.0078125
163.671875,0.0
163.6875,0.00390625
163.703125,0.0078125
163.71875,0.0078125
163.734375,0.0
163.75,0.0
163.765625,0.00390625
163.78125,0.0
163.796875,0.0
163.8125,0.00390625
163.828125,0.0
163.84375,0.00390625
163.859375,0.0078125
163.875,0.0
163.890625,0.0078125
163.90625,0.0078125
163.921875,0.0
163.9375,0.00390625
163.953125,0.0078125
163.96875,0.00390625
163.984375,0.0
164.0,0.0078125
164.015625,0.0
164.03125,0.00390625
164.046875,0.00390625
164.0625,-0.00390625
164.078125,0.00390625
164.09375,0.00390625
164.109375,-0.00390625
164.125,0.0
164.140625,0.0
164.15625,0.0078125
164.171875,0.0
164.1875,0.00390625
164.203125,0.00390625
164.21875,0.00390625
164.234375,0.00390625
164.25,-0.00390625
164.265625,0.00390625
164.28125,0.0
164.296875,0.00390625
164.3125,0.0
164.328125,0.00390625
164.34375,0.0
164.359375,0.0
164.375,0.00390625
164.390625,-0.00390625
164.40625,0.00390625
164.421875,0.0
164.4375,0.0078125
164.453125,0.0078125
164.46875,0.0
164.484375,0.01171875
164.5,0.0
164.515625,0.00390625
164.53125,0.0
164.546875,0.0
164.5625,0.0078125
164.578125,0.0078125
164.59375,0.0
164.609375,0.0078125
164.625,0.0
164.640625,0.00390625
164.65625,0.00390625
164.671875,0.0
164.6875,0.0
164.703125,0.0
164.71875,0.0078125
164.734375,0.0
164.75,0.00390625
164.765625,0.00390625
164.78125,0.0
164.796875,0.00390625
164.8125,0.0
164.828125,0.00390625
164.84375,0.01171875
164.859375,-0.00390625
164.875,0.01171875
164.890625,0.0078125
164.90625,0.0
164.921875,0.00390625
164.9375,0.0
164.953125,0.00390625
164.96875,0.00390625
164.984375,0.00390625
165.0,0.0
165.015625,0.0
165.03125,0.00390625
165.046875,0.00390625
165.0625,0.00390625
165.078125,0.0
165.09375,0.00390625
165.109375,0.0078125
165.125,0.0
165.140625,0.0078125
165.15625,0.0
165.171875,-0.00390625
165.1875,0.00390625
165.203125,0.0
165.21875,0.0078125
165.234375,0.0
165.25,-0.0078125
165.265625,0.0078125
165.28125,0.00390625
165.296875,0.0
165.3125,-0.00390625
165.328125,0.0
165.34375,0.0
165.359375,0.00390625
165.375,0.00390625
165.390625,0.0
165.40625,-0.00390625
165.421875,0.00390625
165.4375,0.0
165.453125,-0.00390625
165.46875,0.0
165.484375,0.00390625
165.5,0.0078125
165.515625,0.0
165.53125,0.00390625
165.546875,-0.00390625
165.5625,0.0
165.578125,0.00390625
165.59375,0.00390625
165.609375,0.0
165.625,0.0078125
165.640625,0.00390625
165.65625,0.00390625
165.671875,0.00390625
165.6875,0.00390625
165.703125,0.0
165.71875,0.0078125
165.734375,0.00390625
165.75,-0.00390625
165.765625,0.00390625
165.78125,0.00390625
165.796875,0.00390625
165.8125,0.0
165.828125,0.00390625
165.84375,0.00390625
165.859375,0.0078125
165.875,0.0
165.890625,-0.00390625
165.90625,-0.00390625
165.921875,0.0
165.9375,0.0
165.953125,0.0078125
165.96875,0.0
165.984375,0.00390625
166.0,0.00390625
166.015625,0.00390625
166.03125,-0.00390625
166.046875,0.00390625
166.0625,0.0
166.078125,0.0078125
166.09375,0.00390625
166.109375,0.00390625
166.125,0.0
166.140625,0.0078125
166.15625,0.0
166.171875,0.0
166.1875,0.00390625
166.203125,0.00390625
166.21875,0.00390625
166.234375,0.00390625
166.25,0.0
166.265625,0.0
166.28125,0.00390625
166.296875,0.0078125
166.3125,0.0078125
166.328125,0.0
166.34375,0.00390625
166.359375,0.00390625
166.375,0.00390625
166.390625,0.00390625
166.40625,0.0078125
166.421875,0.00390625
166.4375,0.0078125
166.453125,0.0078125
166.46875,0.00390625
166.484375,0.0078125
166.5,0.0
166.515625,0.00390625
166.53125,0.00390625
166.546875,-0.00390625
166.5625,0.0
166.578125,0.0
166.59375,0.00390625
166.609375,-0.00390625
166.625,0.0078125
166.640625,0.0078125
166.65625,0.0
166.671875,0.0
166.6875,0.00390625
166.703125,-0.00390625
166.71875,0.00390625
166.734375,0.01171875
166.75,0.00390625
166.765625,0.0
166.78125,0.00390625
166.796875,0.0078125
166.8125,0.00390625
166.828125,0.0078125
166.84375,-0.00390625
166.859375,0.00390625
166.875,0.00390625
166.890625,0.0078125
166.90625,0.00390625
166.921875,0.00390625
166.9375,0.0078125
166.953125,0.00390625
166.96875,0.0078125
166.984375,0.0
167.0,0.0
167.015625,0.00390625
167.03125,0.0
167.046875,0.00390625
167.0625,0.00390625
167.078125,0.0
167.09375,0.01171875
167.109375,0.0
167.125,0.0078125
167.140625,0.0
167.15625,0.00390625
167.171875,0.00390625
167.1875,0.0
167.203125,0.00390625
167.21875,0.00390625
167.234375,0.0078125
167.25,0.0
167.265625,0.0078125
167.28125,0.0078125
167.296875,0.0
167.3125,0.0
167.328125,0.0078125
167.34375,0.00390625
167.359375,0.0
167.375,0.0
167.390625,-0.00390625
167.40625,0.00390625
167.421875,0.0
167.4375,0.0
167.453125,0.00390625
167.46875,0.0078125
167.484375,0.00390625
167.5,0.0078125
167.515625,0.0
167.53125,-0.00390625
167.546875,0.00390625
167.5625,0.01171875
167.578125,0.0
167.59375,0.0
167.609375,0.0
167.625,0.0
167.640625,0.00390625
167.65625,0.00390625
167.671875,0.00390625
167.6875,-0.00390625
167.703125,0.00390625
167.71875,0.0078125
167.734375,0.0
167.75,0.00390625
167.765625,0.00390625
167.78125,0.00390625
167.796875,0.00390625
167.8125,0.0
167.828125,0.00390625
167.84375,0.0
167.859375,0.0078125
167.875,0.0
167.890625,0.00390625
167.90625,0.01171875
167.921875,0.00390625
167.9375,0.0
167.953125,0.00390625
167.96875,0.0
167.984375,0.00390625
168.0,0.00390625
168.015625,0.00390625
168.03125,0.0
168.046875,0.00390625
168.0625,0.0
168.078125,0.0078125
168.09375,0.0
168.109375,0.00390625
168.125,0.00390625
168.140625,0.0
168.15625,0.00390625
168.171875,0.00390625
168.1875,0.00390625
168.203125,0.00390625
168.21875,0.0
168.234375,0.00390625
168.25,0.00390625
168.265625,0.0
168.28125,0.00390625
168.296875,0.00390625
168.3125,0.00390625
168.328125,0.00390625
168.34375,-0.00390625
168.359375,0.00390625
168.375,0.00390625
168.390625,0.00390625
168.40625,0.00390625
168.421875,0.00390625
168.4375,0.00390625
168.453125,0.00390625
168.46875,0.0
168.484375,0.0078125
168.5,0.0
168.515625,0.00390625
168.53125,0.0078125
168.546875,0.00390625
168.5625,0.0
168.578125,0.0
168.59375,0.00390625
168.609375,0.00390625
168.625,0.0
168.640625,0.0
168.65625,0.0
168.671875,0.00390625
168.6875,0.0078125
168.703125,0.0
168.71875,0.0
168.734375,0.00390625
168.75,0.01171875
168.765625,0.0
168.78125,0.00390625
168.796875,0.00390625
168.8125,0.00390625
168.828125,0.00390625
168.84375,0.00390625
168.859375,0.0
168.875,0.00390625
168.890625,0.00390625
168.90625,0.0
168.921875,0.00390625
168.9375,0.00390625
168.953125,0.0078125
168.96875,0.0
168.984375,0.00390625
169.0,0.00390625
169.015625,0.0
169.03125,0.0
169.046875,0.00390625
169.0625,0.0
169.078125,0.0078125
169.09375,-0.00390625
169.109375,0.0078125
169.125,-0.00390625
169.140625,0.01171875
169.15625,0.0078125
169.171875,-0.00390625
169.1875,0.0078125
169.203125,0.00390625
169.21875,-0.00390625
169.234375,0.01171875
169.25,-0.0078125
169.265625,0.0
169.28125,0.0
169.296875,0.00390625
169.3125,0.0
169.328125,0.00390625
169.34375,0.00390625
169.359375,0.0078125
169.375,-0.00390625
169.390625,0.0078125
169.40625,0.0
169.421875,0.01171875
169.4375,0.0
169.453125,-0.0078125
169.46875,0.00390625
169.484375,-0.00390625
169.5,0.0
169.515625,0.00390625
169.53125,-0.00390625
169.546875,0.0078125
169.5625,0.0078125
169.578125,-0.0078125
169.59375,-0.00390625
169.609375,0.0
169.625,-0.00390625
169.640625,-0.00390625
169.65625,0.0078125
169.671875,0.0
169.6875,0.0
169.703125,0.0
169.71875,-0.0078125
169.734375,0.00390625
169.75,-0.00390625
169.765625,-0.00390625
169.78125,0.00390625
169.796875,0.0
169.8125,0.00390625
169.828125,0.0
169.84375,0.00390625
169.859375,-0.00390625
169.875,0.00390625
169.890625,0.0
169.90625,0.00390625
169.921875,0.0
169.9375,0.00390625
169.953125,-0.00390625
169.96875,0.0078125
169.984375,0.0
170.0,0.00390625
170.015625,0.0
170.03125,0.0078125
170.046875,0.0
170.0625,0.00390625
170.078125,0.0
170.09375,0.0
170.109375,0.0
170.125,0.00390625
170.140625,0.00390625
170.15625,0.0
170.171875,0.0
170.1875,0.00390625
170.203125,0.0
170.21875,0.0078125
170.234375,0.0
170.25,0.0078125
170.265625,0.0
170.28125,0.00390625
170.296875,0.00390625
170.3125,0.0
170.328125,0.00390625
170.34375,0.01171875
170.359375,-0.00390625
170.375,0.00390625
170.390625,0.00390625
170.40625,0.00390625
170.421875,0.0
170.4375,0.00390625
170.453125,0.0078125
170.46875,0.0
170.484375,0.01171875
170.5,-0.00390625
170.515625,0.00390625
170.53125,0.0078125
170.546875,0.0078125
170.5625,0.0
170.578125,0.0078125
170.59375,0.0
170.609375,0.00390625
170.625,0.0
170.640625,0.0
170.65625,0.00390625
170.671875,0.00390625
170.6875,0.00390625
170.703125,0.00390625
170.71875,0.00390625
170.734375,0.0
170.75,0.0
170.765625,0.0
170.78125,0.00390625
170.796875,0.0
170.8125,-0.0078125
170.828125,0.0
170.84375,0.00390625
170.859375,0.0
170.875,0.00390625
170.890625,0.0078125
170.90625,0.0
170.921875,0.0078125
170.9375,0.0
170.953125,0.0078125
170.96875,0.00390625
170.984375,0.00390625
171.0,0.0078125
171.015625,0.00390625
171.03125,0.0078125
171.046875,0.00390625
171.0625,0.0
171.078125,0.01171875
171.09375,0.0
171.109375,0.00390625
171.125,0.0
171.140625,-0.00390625
171.15625,0.00390625
171.171875,0.00390625
171.1875,0.0078125
171.203125,0.0
171.21875,0.0
171.234375,0.0
171.25,0.00390625
171.265625,0.0
171.28125,0.0
171.296875,0.0
171.3125,0.00390625
171.328125,0.00390625
171.34375,-0.00390625
171.359375,0.00390625
171.375,0.0
171.390625,0.0
171.40625,0.00390625
171.421875,0.00390625
171.4375,0.01171875
171.453125,0.0
171.46875,0.0
171.484375,0.00390625
171.5,0.0078125
171.515625,-0.00390625
171.53125,0.0
171.546875,0.00390625
171.5625,0.00390625
171.578125,0.00390625
171.59375,0.00390625
171.609375,0.00390625
171.625,0.0
171.640625,0.0
171.65625,0.00390625
171.671875,0.00390625
171.6875,0.00390625
171.703125,0.0078125
171.71875,0.0078125
171.734375,0.00390625
171.75,0.01171875
171.765625,0.0078125
171.78125,0.0
171.796875,0.0
171.8125,0.0
171.828125,0.01171875
171.84375,0.0
171.859375,0.00390625
171.875,0.0078125
171.890625,0.0
171.90625,0.00390625
171.921875,0.0
171.9375,0.00390625
171.953125,0.01171875
171.96875,-0.00390625
171.984375,0.0
172.0,0.0
172.015625,0.00390625
172.03125,0.00390625
172.046875,0.0
172.0625,0.0078125
172.078125,0.00390625
172.09375,0.0
172.109375,0.0
172.125,0.0
172.140625,0.00390625
172.15625,0.0078125
172.171875,0.00390625
172.1875,0.0
172.203125,0.00390625
172.21875,0.00390625
172.234375,0.0078125
172.25,0.0
172.265625,0.00390625
172.28125,-0.00390625
172.296875,0.00390625
172.3125,0.00390625
172.328125,0.00390625
172.34375,0.00390625
172.359375,0.00390625
172.375,0.0
172.390625,0.00390625
172.40625,0.00390625
172.421875,-0.0078125
172.4375,0.00390625
172.453125,0.0
172.46875,0.00390625
172.484375,0.00390625
172.5,0.00390625
172.515625,0.0078125
172.53125,0.0
172.546875,0.00390625
172.5625,0.0
172.578125,0.00390625
172.59375,0.00390625
172.609375,-0.00390625
172.625,0.0
172.640625,0.0078125
172.65625,-0.0078125
172.671875,0.00390625
172.6875,0.00390625
172.703125,0.00390625
172.71875,0.00390625
172.734375,0.01171875
172.75,-0.00390625
172.765625,-0.00390625
172.78125,0.01171875
172.796875,0.00390625
172.8125,0.0
172.828125,0.00390625
172.84375,0.01171875
172.859375,-0.00390625
172.875,0.00390625
172.890625,0.0
172.90625,0.0
172.921875,0.00390625
172.9375,0.0
172.953125,0.0
172.96875,0.0078125
172.984375,0.0078125
173.0,0.0
173.015625,0.00390625
173.03125,0.00390625
173.046875,0.00390625
173.0625,0.00390625
173.078125,0.00390625
173.09375,0.00390625
173.109375,-0.00390625
173.125,0.00390625
173.140625,0.00390625
173.15625,0.0078125
173.171875,0.00390625
173.1875,0.0
173.203125,0.00390625
173.21875,0.00390625
173.234375,0.00390625
173.25,-0.00390625
173.265625,0.00390625
173.28125,0.00390625
173.296875,0.0078125
173.3125,-0.00390625
173.328125,0.00390625
173.34375,0.0
173.359375,0.00390625
173.375,0.00390625
173.390625,0.00390625
173.40625,0.0
173.421875,0.00390625
173.4375,0.0
173.453125,0.00390625
173.46875,0.0
173.484375,0.00390625
173.5,0.00390625
173.515625,0.0078125
173.53125,0.00390625
173.546875,0.00390625
173.5625,0.00390625
173.578125,0.00390625
173.59375,0.0
173.609375,0.00390625
173.625,0.00390625
173.640625,0.0078125
173.65625,0.0
173.671875,0.0078125
173.6875,-0.00390625
173.703125,0.0078125
173.71875,0.00390625
173.734375,0.0
173.75,0.0
173.765625,0.0078125
173.78125,0.00390625
173.796875,0.0078125
173.8125,0.0078125
173.828125,0.0
173.84375,-0.00390625
173.859375,0.0
173.875,0.0078125
173.890625,0.0
173.90625,0.00390625
173.921875,0.0
173.9375,0.00390625
173.953125,0.0078125
173.96875,0.00390625
173.984375,0.0
174.0,0.00390625
174.015625,0.00390625
174.03125,0.0
174.046875,0.00390625
174.0625,0.00390625
174.078125,0.00390625
174.09375,0.0078125
174.109375,-0.00390625
174.125,0.0078125
174.140625,-0.00390625
174.15625,0.00390625
174.171875,0.00390625
174.1875,0.0
174.203125,0.0078125
174.21875,0.0
174.234375,0.0
174.25,0.0
174.265625,0.0
174.28125,0.0
174.296875,0.00390625
174.3125,0.00390625
174.328125,0.0
174.34375,0.0
174.359375,0.0
174.375,0.0078125
174.390625,0.00390625
174.40625,0.0078125
174.421875,0.00390625
174.4375,0.0078125
174.453125,0.0
174.46875,0.0078125
174.484375,0.0
174.5,0.00390625
174.515625,0.0
174.53125,0.00390625
174.546875,0.0
174.5625,0.0
174.578125,-0.00390625
174.59375,0.01171875
174.609375,0.0
174.625,0.0078125
174.640625,0.0078125
174.65625,0.0
174.671875,0.00390625
174.6875,0.01171875
174.703125,-0.00390625
174.71875,0.0
174.734375,0.0
174.75,0.00390625
174.765625,0.00390625
174.78125,0.00390625
174.796875,0.01171875
174.8125,-0.00390625
174.828125,0.00390625
174.84375,0.00390625
174.859375,-0.00390625
174.875,0.0078125
174.890625,0.00390625
174.90625,0.0
174.921875,0.0
174.9375,0.01171875
174.953125,0.0
174.96875,0.00390625
174.984375,0.00390625
175.0,-0.00390625
175.015625,0.0
175.03125,0.0078125
175.046875,0.00390625
175.0625,0.0078125
175.078125,0.00390625
175.09375,0.0
175.109375,-0.00390625
175.125,0.00390625
175.140625,0.0
175.15625,0.0
175.171875,0.00390625
175.1875,0.0078125
175.203125,0.00390625
175.21875,-0.00390625
175.234375,0.00390625
175.25,0.00390625
175.265625,0.0
175.28125,0.00390625
175.296875,0.00390625
175.3125,0.00390625
175.328125,0.00390625
175.34375,0.0
175.359375,0.0
175.375,0.0
175.390625,0.0078125
175.40625,-0.00390625
175.421875,0.00390625
175.4375,0.0
175.453125,-0.00390625
175.46875,0.0078125
175.484375,0.00390625
175.5,0.0
175.515625,0.0
175.53125,-0.00390625
175.546875,-0.00390625
175.5625,0.0
175.578125,0.00390625
175.59375,-0.00390625
175.609375,-0.00390625
175.625,0.0078125
175.640625,0.0
175.65625,0.00390625
175.671875,0.00390625
175.6875,0.0
175.703125,0.00390625
175.71875,0.00390625
175.734375,-0.00390625
175.75,0.0
175.765625,-0.00390625
175.78125,0.0
175.796875,0.0
175.8125,0.0078125
175.828125,0.00390625
175.84375,0.0
175.859375,0.00390625
175.875,-0.00390625
175.890625,0.0078125
175.90625,-0.00390625
175.921875,0.00390625
175.9375,0.00390625
175.953125,0.0
175.96875,0.0
175.984375,0.0
176.0,0.00390625
176.015625,0.0
176.03125,0.0
176.046875,0.00390625
176.0625,0.0
176.078125,0.0
176.09375,0.0078125
176.109375,0.0
176.125,-0.00390625
176.140625,0.00390625
176.15625,0.0078125
176.171875,0.0
176.1875,0.0078125
176.203125,0.0
176.21875,0.00390625
176.234375,0.00390625
176.25,0.0
176.265625,0.0
176.28125,0.00390625
176.296875,0.0078125
176.3125,0.0078125
176.328125,0.0
176.34375,0.0078125
176.359375,0.0
176.375,0.00390625
176.390625,0.00390625
176.40625,0.0
176.421875,0.00390625
176.4375,0.0
176.453125,0.0078125
176.46875,-0.00390625
176.484375,0.0
176.5,0.0078125
176.515625,0.0
176.53125,0.0078125
176.546875,0.0078125
176.5625,0.00390625
176.578125,0.00390625
176.59375,0.00390625
176.609375,-0.00390625
176.625,0.00390625
176.640625,0.0
176.65625,0.00390625
176.671875,0.0
176.6875,0.00390625
176.703125,0.0078125
176.71875,-0.00390625
176.734375,0.00390625
176.75,-0.00390625
176.765625,0.0
176.78125,0.01171875
176.796875,0.00390625
176.8125,0.0
176.828125,0.0
176.84375,0.0078125
176.859375,-0.00390625
176.875,0.0
176.890625,0.00390625
176.90625,0.00390625
176.921875,0.00390625
176.9375,0.00390625
176.953125,0.0
176.96875,0.01171875
176.984375,0.00390625
177.0,0.0
177.015625,0.0078125
177.03125,0.0
177.046875,0.00390625
177.0625,0.0078125
177.078125,0.0078125
177.09375,0.00390625
177.109375,-0.00390625
177.125,0.00390625
177.140625,0.00390625
177.15625,0.0
177.171875,0.0078125
177.1875,0.0078125
177.203125,0.00390625
177.21875,0.00390625
177.234375,0.0078125
177.25,-0.00390625
177.265625,0.00390625
177.28125,-0.00390625
177.296875,0.0
177.3125,0.00390625
177.328125,0.0
177.34375,0.0078125
177.359375,0.0078125
177.375,0.0
177.390625,0.0
177.40625,0.0
177.421875,0.0
177.4375,0.0
177.453125,0.0
177.46875,0.00390625
177.484375,-0.00390625
177.5,0.0
177.515625,0.00390625
177.53125,0.00390625
177.546875,-0.00390625
177.5625,0.0078125
177.578125,0.0
177.59375,0.0
177.609375,0.00390625
177.625,-0.00390625
177.640625,0.0
177.65625,0.00390625
177.671875,0.00390625
177.6875,0.0
177.703125,-0.00390625
177.71875,0.00390625
177.734375,0.0078125
177.75,0.0
177.765625,0.00390625
177.78125,0.00390625
177.796875,0.00390625
177.8125,0.00390625
177.828125,0.00390625
177.84375,-0.00390625
177.859375,0.0
177.875,0.00390625
177.890625,0.00390625
177.90625,0.0
177.921875,0.01171875
177.9375,0.0
177.953125,0.00390625
177.96875,-0.00390625
177.984375,0.00390625
178.0,0.0
178.015625,0.00390625
178.03125,-0.00390625
178.046875,0.0078125
178.0625,0.0078125
178.078125,0.0
178.09375,0.0
178.109375,0.0
178.125,0.0
178.140625,0.00390625
178.15625,0.00390625
178.171875,-0.00390625
178.1875,0.0
178.203125,0.0078125
178.21875,0.0078125
178.234375,-0.00390625
178.25,0.0
178.265625,0.0078125
178.28125,0.0
178.296875,0.0078125
178.3125,0.00390625
178.328125,0.00390625
178.34375,0.0078125
178.359375,0.0
178.375,0.0
178.390625,0.0
178.40625,0.01171875
178.421875,0.00390625
178.4375,0.0078125
178.453125,0.00390625
178.46875,0.0078125
178.484375,-0.00390625
178.5,0.00390625
178.515625,0.0
178.53125,0.00390625
178.546875,0.0
178.5625,0.0078125
178.578125,0.00390625
178.59375,0.0
178.609375,-0.00390625
178.625,0.0
178.640625,0.00390625
178.65625,0.0078125
178.671875,0.0
178.6875,0.00390625
178.703125,0.0
178.71875,0.0
178.734375,0.0
178.75,0.0078125
178.765625,0.0
178.78125,-0.00390625
178.796875,0.0078125
178.8125,0.0
178.828125,0.0078125
178.84375,0.00390625
178.859375,0.0
178.875,0.00390625
178.890625,0.0
178.90625,0.01171875
178.921875,-0.00390625
178.9375,0.0
178.953125,0.0
178.96875,0.00390625
178.984375,0.0
179.0,0.00390625
179.015625,0.00390625
179.03125,0.01171875
179.046875,0.00390625
179.0625,0.0
179.078125,0.0
179.09375,0.01171875
179.109375,0.00390625
179.125,-0.00390625
179.140625,0.00390625
179.15625,0.0
179.171875,0.0
179.1875,0.0078125
179.203125,0.0
179.21875,0.0078125
179.234375,0.0078125
179.25,0.0
179.265625,0.0
179.28125,0.0
179.296875,0.00390625
179.3125,0.0
179.328125,0.00390625
179.34375,0.00390625
179.359375,0.0
179.375,0.00390625
179.390625,0.00390625
179.40625,0.0
179.421875,0.0078125
179.4375,-0.0078125
179.453125,0.0078125
179.46875,0.0
179.484375,0.0
179.5,0.0078125
179.515625,-0.00390625
179.53125,0.0078125
179.546875,0.0078125
179.5625,0.0
179.578125,0.00390625
179.59375,0.00390625
179.609375,0.00390625
179.625,0.00390625
179.640625,0.00390625
179.65625,0.00390625
179.671875,0.00390625
179.6875,0.0078125
179.703125,0.00390625
179.71875,0.0078125
179.734375,0.0
179.75,0.00390625
179.765625,0.0078125
179.78125,0.0
179.796875,0.00390625
179.8125,0.0
179.828125,0.00390625
179.84375,0.00390625
179.859375,0.0
179.875,0.00390625
179.890625,0.00390625
179.90625,0.0078125
179.921875,0.00390625
179.9375,0.0
179.953125,0.0
179.96875,0.0078125
179.984375,0.00390625
180.0,0.00390625
180.015625,0.00390625
180.03125,0.00390625
180.046875,0.00390625
180.0625,0.00390625
180.078125,0.00390625
180.09375,0.00390625
180.109375,0.00390625
180.125,0.00390625
180.140625,0.01171875
180.15625,0.0078125
180.171875,0.0
180.1875,0.0078125
180.203125,0.0
180.21875,0.0078125
180.234375,0.00390625
180.25,0.0078125
180.265625,0.0078125
180.28125,0.0
180.296875,0.0
180.3125,-0.00390625
180.328125,0.0
180.34375,0.00390625
180.359375,0.00390625
180.375,0.00390625
180.390625,0.00390625
180.40625,0.0078125
180.421875,0.0
180.4375,0.0
180.453125,0.0078125
180.46875,0.0
180.484375,0.00390625
180.5,0.00390625
180.515625,0.0
180.53125,0.00390625
180.546875,0.01171875
180.5625,0.0078125
180.578125,0.0
180.59375,0.0
180.609375,0.01171875
180.625,-0.00390625
180.640625,0.00390625
180.65625,0.00390625
180.671875,0.0
180.6875,0.00390625
180.703125,0.00390625
180.71875,0.00390625
180.734375,0.00390625
180.75,0.00390625
180.765625,0.0
180.78125,0.00390625
180.796875,0.00390625
180.8125,0.0078125
180.828125,0.00390625
180.84375,0.00390625
180.859375,0.00390625
180.875,0.00390625
180.890625,-0.00390625
180.90625,0.00390625
180.921875,0.0
180.9375,0.0078125
180.953125,0.0
180.96875,0.00390625
180.984375,0.0
181.0,0.00390625
181.015625,0.0
181.03125,0.0
181.046875,0.0
181.0625,0.01171875
181.078125,0.0
181.09375,0.0078125
181.109375,0.0
181.125,0.0
181.140625,0.00390625
181.15625,0.00390625
181.171875,0.00390625
181.1875,0.00390625
181.203125,0.0078125
181.21875,0.0
181.234375,0.0
181.25,0.01171875
181.265625,-0.00390625
181.28125,0.00390625
181.296875,0.0078125
181.3125,0.00390625
181.328125,0.01171875
181.34375,0.0078125
181.359375,0.00390625
181.375,0.0
181.390625,0.00390625
181.40625,0.0
181.421875,0.0
181.4375,0.0
181.453125,0.00390625
181.46875,0.0
181.484375,0.00390625
181.5,-0.00390625
181.515625,0.0078125
181.53125,0.0
181.546875,0.0
181.5625,0.0078125
181.578125,-0.00390625
181.59375,0.0078125
181.609375,0.00390625
181.625,0.0
181.640625,0.0078125
181.65625,-0.00390625
181.671875,0.0078125
181.6875,0.00390625
181.703125,0.0078125
181.71875,0.00390625
181.734375,-0.00390625
181.75,0.0078125
181.765625,0.0
181.78125,0.0
181.796875,0.0
181.8125,0.0
181.828125,0.0078125
181.84375,0.0
181.859375,0.0078125
181.875,0.0
181.890625,0.0
181.90625,0.0078125
181.921875,0.0
181.9375,0.01171875
181.953125,0.00390625
181.96875,0.0
181.984375,0.0078125
182.0,0.00390625
182.015625,0.01171875
182.03125,0.00390625
182.046875,0.00390625
182.0625,0.0078125
182.078125,0.0
182.09375,0.0078125
182.109375,0.00390625
182.125,0.00390625
182.140625,0.0
182.15625,0.0
182.171875,0.0078125
182.1875,0.0
182.203125,0.00390625
182.21875,0.00390625
182.234375,0.0
182.25,0.00390625
182.265625,0.0
182.28125,0.0078125
182.296875,0.0078125
182.3125,0.00390625
182.328125,0.00390625
182.34375,0.00390625
182.359375,0.00390625
182.375,0.0
182.390625,0.00390625
182.40625,0.0
182.421875,0.0078125
182.4375,0.00390625
182.453125,0.00390625
182.46875,-0.00390625
182.484375,0.0
182.5,0.01171875
182.515625,0.00390625
182.53125,0.00390625
182.546875,0.0
182.5625,0.0
182.578125,0.00390625
182.59375,0.0078125
182.609375,-0.00390625
182.625,0.0078125
182.640625,0.0
182.65625,0.00390625
182.671875,0.0
182.6875,0.0
182.703125,0.00390625
182.71875,-0.00390625
182.734375,0.0
182.75,0.00390625
182.765625,-0.0078125
182.78125,0.00390625
182.796875,0.0
182.8125,0.00390625
182.828125,0.00390625
182.84375,0.0
182.859375,0.00390625
182.875,0.0
182.890625,0.0
182.90625,-0.00390625
182.921875,0.0
182.9375,0.00390625
182.953125,-0.00390625
182.96875,0.0
182.984375,0.00390625
183.0,0.01171875
183.015625,0.0078125
183.03125,0.00390625
183.046875,0.0
183.0625,0.0
183.078125,0.0078125
183.09375,0.01171875
183.109375,-0.00390625
183.125,0.0078125
183.140625,0.00390625
183.15625,0.0
183.171875,0.00390625
183.1875,0.01171875
183.203125,0.0
183.21875,0.0078125
183.234375,0.00390625
183.25,0.0
183.265625,0.0
183.28125,0.00390625
183.296875,0.0
183.3125,0.00390625
183.328125,0.0
183.34375,0.0
183.359375,0.0
183.375,0.00390625
183.390625,0.00390625
183.40625,0.0
183.421875,0.00390625
183.4375,0.0078125
183.453125,0.0
183.46875,0.0078125
183.484375,0.00390625
183.5,0.00390625
183.515625,0.00390625
183.53125,0.00390625
183.546875,0.0
183.5625,-0.00390625
183.578125,0.00390625
183.59375,0.0
183.609375,0.00390625
183.625,0.00390625
183.640625,0.0
183.65625,0.0078125
183.671875,0.0
183.6875,0.01171875
183.703125,0.0
183.71875,0.00390625
183.734375,0.01171875
183.75,0.00390625
183.765625,0.00390625
183.78125,0.00390625
183.796875,0.00390625
183.8125,0.00390625
183.828125,0.00390625
183.84375,0.00390625
183.859375,0.00390625
183.875,0.0078125
183.890625,0.0
183.90625,0.00390625
183.921875,0.0
183.9375,0.00390625
183.953125,0.0
183.96875,0.01171875
183.984375,0.0
184.0,0.00390625
184.015625,0.0
184.03125,0.0078125
184.046875,0.0
184.0625,0.00390625
184.078125,0.00390625
184.09375,0.0
184.109375,0.0
184.125,0.00390625
184.140625,0.0
184.15625,0.0078125
184.171875,0.0
184.1875,0.0
184.203125,0.0078125
184.21875,0.0
184.234375,0.00390625
184.25,0.00390625
184.265625,0.00390625
184.28125,0.00390625
184.296875,0.00390625
184.3125,0.00390625
184.328125,0.0
184.34375,0.01171875
184.359375,0.00390625
184.375,-0.00390625
184.390625,0.0078125
184.40625,0.00390625
184.421875,0.00390625
184.4375,0.0
184.453125,0.0
184.46875,0.0078125
184.484375,0.00390625
184.5,0.00390625
184.515625,0.0
184.53125,0.0078125
184.546875,0.0078125
184.5625,0.0
184.578125,0.00390625
184.59375,0.00390625
184.609375,0.0078125
184.625,0.00390625
184.640625,0.00390625
184.65625,0.00390625
184.671875,0.0
184.6875,0.00390625
184.703125,0.00390625
184.71875,0.00390625
184.734375,0.00390625
184.75,0.00390625
184.765625,0.0
184.78125,0.00390625
184.796875,0.00390625
184.8125,-0.00390625
184.828125,0.00390625
184.84375,0.00390625
184.859375,0.00390625
184.875,0.00390625
184.890625,0.00390625
184.90625,0.00390625
184.921875,0.00390625
184.9375,0.00390625
184.953125,0.00390625
184.96875,0.0
184.984375,0.0078125
185.0,0.0
185.015625,0.00390625
185.03125,0.00390625
185.046875,0.00390625
185.0625,0.0
185.078125,0.0078125
185.09375,0.00390625
185.109375,0.00390625
185.125,0.0078125
185.140625,0.00390625
185.15625,0.00390625
185.171875,0.00390625
185.1875,0.01171875
185.203125,0.00390625
185.21875,0.0
185.234375,0.0078125
185.25,-0.00390625
185.265625,0.00390625
185.28125,0.0078125
185.296875,0.0
185.3125,0.0078125
185.328125,0.0
185.34375,0.00390625
185.359375,0.0
185.375,0.00390625
185.390625,0.0
185.40625,0.0
185.421875,0.0078125
185.4375,0.00390625
185.453125,-0.00390625
185.46875,0.00390625
185.484375,0.0
185.5,0.0078125
185.515625,0.0
185.53125,0.00390625
185.546875,0.00390625
185.5625,0.00390625
185.578125,0.01171875
185.59375,0.0
185.609375,0.0078125
185.625,0.00390625
185.640625,0.00390625
185.65625,0.00390625
185.671875,0.0
185.6875,0.00390625
185.703125,0.00390625
185.71875,0.0
185.734375,0.0078125
185.75,0.00390625
185.765625,0.00390625
185.78125,0.00390625
185.796875,0.0
185.8125,0.0
185.828125,0.0078125
185.84375,0.0
185.859375,0.00390625
185.875,0.00390625
185.890625,0.0
185.90625,0.00390625
185.921875,0.00390625
185.9375,0.0
185.953125,0.00390625
185.96875,0.01171875
185.984375,0.0
186.0,0.01171875
186.015625,0.00390625
186.03125,0.00390625
186.046875,0.00390625
186.0625,0.00390625
186.078125,0.0078125
186.09375,0.0
186.109375,0.0
186.125,0.0
186.140625,0.01171875
186.15625,0.0078125
186.171875,0.0
186.1875,0.01171875
186.203125,0.0
186.21875,0.00390625
186.234375,0.00390625
186.25,0.00390625
186.265625,0.00390625
186.28125,0.00390625
186.296875,0.00390625
186.3125,0.0
186.328125,0.00390625
186.34375,0.0078125
186.359375,0.0
186.375,0.0078125
186.390625,0.0
186.40625,0.0078125
186.421875,0.00390625
186.4375,-0.00390625
186.453125,0.00390625
186.46875,0.00390625
186.484375,0.0078125
186.5,0.0
186.515625,0.0
186.53125,0.0078125
186.546875,-0.00390625
186.5625,0.0078125
186.578125,0.00390625
186.59375,0.0
186.609375,0.0078125
186.625,-0.0078125
186.640625,0.0
186.65625,0.0078125
186.671875,0.0
186.6875,-0.00390625
186.703125,0.00390625
186.71875,0.0078125
186.734375,0.00390625
186.75,0.0078125
186.765625,0.0
186.78125,0.0
186.796875,0.0
186.8125,0.00390625
186.828125,-0.00390625
186.84375,0.00390625
186.859375,-0.00390625
186.875,0.0078125
186.890625,-0.00390625
186.90625,0.00390625
186.921875,0.00390625
186.9375,0.00390625
186.953125,0.00390625
186.96875,-0.0078125
186.984375,0.0078125
187.0,0.0
187.015625,0.00390625
187.03125,0.00390625
187.046875,0.0
187.0625,0.00390625
187.078125,0.0
187.09375,0.00390625
187.109375,-0.00390625
187.125,0.0
187.140625,0.0078125
187.15625,-0.00390625
187.171875,0.00390625
187.1875,0.00390625
187.203125,0.00390625
187.21875,0.00390625
187.234375,0.0
187.25,-0.0078125
187.265625,0.0
187.28125,0.00390625
187.296875,0.0
187.3125,0.0
187.328125,0.00390625
187.34375,0.00390625
187.359375,0.0
187.375,0.00390625
187.390625,0.0
187.40625,0.00390625
187.421875,0.0
187.4375,0.00390625
187.453125,0.0
187.46875,0.0
187.484375,0.00390625
187.5,0.0
187.515625,0.0078125
187.53125,0.00390625
187.546875,0.00390625
187.5625,0.00390625
187.578125,-0.00390625
187.59375,0.0
187.609375,0.0
187.625,0.00390625
187.640625,0.0
187.65625,0.0
187.671875,0.00390625
187.6875,0.00390625
187.703125,0.00390625
187.71875,0.0
187.734375,-0.00390625
187.75,0.00390625
187.765625,0.0078125
187.78125,0.0
187.796875,0.0
187.8125,0.00390625
187.828125,0.0
187.84375,0.0078125
187.859375,0.00390625
187.875,0.00390625
187.890625,0.0
187.90625,0.0
187.921875,0.00390625
187.9375,0.00390625
187.953125,0.00390625
187.96875,0.00390625
187.984375,0.00390625
188.0,0.00390625
188.015625,0.0
188.03125,0.0078125
188.046875,-0.0078125
188.0625,0.0078125
188.078125,0.00390625
188.09375,0.00390625
188.109375,0.0078125
188.125,0.00390625
188.140625,0.00390625
188.15625,0.00390625
188.171875,0.00390625
188.1875,0.00390625
188.203125,0.00390625
188.21875,0.0
188.234375,0.00390625
188.25,0.00390625
188.265625,-0.0078125
188.28125,0.0078125
188.296875,0.0
188.3125,0.00390625
188.328125,0.0
188.34375,0.0
188.359375,0.0078125
188.375,0.0
188.390625,0.0
188.40625,0.00390625
188.421875,0.0
188.4375,0.0
188.453125,0.00390625
188.46875,0.0078125
188.484375,0.0
188.5,0.0
188.515625,0.01171875
188.53125,0.0
188.546875,0.0
188.5625,0.00390625
188.578125,0.0
188.59375,0.00390625
188.609375,-0.00390625
188.625,0.0
188.640625,0.0
188.65625,0.0078125
188.671875,0.00390625
188.6875,0.0
188.703125,0.0
188.71875,0.0
188.734375,0.0
188.75,0.0
188.765625,0.00390625
188.78125,0.0078125
188.796875,0.0
188.8125,-0.00390625
188.828125,0.0078125
188.84375,0.00390625
188.859375,0.0
188.875,0.0
188.890625,0.00390625
188.90625,0.00390625
188.921875,0.0
188.9375,0.0078125
188.953125,0.0
188.96875,0.0
188.984375,0.00390625
189.0,0.0
189.015625,0.0078125
189.03125,0.00390625
189.046875,0.00390625
189.0625,0.01171875
189.078125,-0.00390625
189.09375,0.0078125
189.109375,0.0
189.125,0.00390625
189.140625,0.00390625
189.15625,0.00390625
189.171875,0.0078125
189.1875,0.00390625
189.203125,0.0078125
189.21875,-0.00390625
189.234375,0.0
189.25,0.0078125
189.265625,0.00390625
189.28125,0.00390625
189.296875,0.0
189.3125,0.0
189.328125,0.0
189.34375,0.00390625
189.359375,0.0
189.375,0.0
189.390625,0.0078125
189.40625,0.0
189.421875,0.0
189.4375,0.0
189.453125,0.00390625
189.46875,0.0
189.484375,0.00390625
189.5,0.0
189.515625,0.00390625
189.53125,-0.00390625
189.546875,0.00390625
189.5625,0.00390625
189.578125,0.00390625
189.59375,0.00390625
189.609375,-0.0078125
189.625,0.00390625
189.640625,0.0
189.65625,0.0
189.671875,0.00390625
189.6875,0.0
189.703125,0.00390625
189.71875,0.00390625
189.734375,0.00390625
189.75,-0.00390625
189.765625,0.0
189.78125,0.0
189.796875,0.0078125
189.8125,0.00390625
189.828125,0.0
189.84375,0.0078125
189.859375,0.00390625
189.875,0.00390625
189.890625,0.00390625
189.90625,0.00390625
189.921875,0.0
189.9375,0.00390625
189.953125,-0.0078125
189.96875,0.00390625
189.984375,0.00390625
190.0,0.00390625
190.015625,0.00390625
190.03125,0.0
190.046875,0.0
190.0625,0.00390625
190.078125,0.0078125
190.09375,0.0
190.109375,-0.00390625
190.125,0.0078125
190.140625,0.0
190.15625,0.0
190.171875,0.01171875
190.1875,-0.00390625
190.203125,0.0078125
190.21875,0.0
190.234375,0.0
190.25,0.0
190.265625,0.00390625
190.28125,0.0078125
190.296875,0.0
190.3125,0.0
190.328125,0.00390625
190.34375,0.0
190.359375,0.0078125
190.375,0.0
190.390625,-0.00390625
190.40625,0.0
190.421875,-0.00390625
190.4375,0.00390625
190.453125,0.00390625
190.46875,0.00390625
190.484375,0.0
190.5,0.01171875
190.515625,0.0
190.53125,0.00390625
190.546875,0.0
190.5625,0.0
190.578125,0.0
190.59375,0.00390625
190.609375,0.00390625
190.625,0.00390625
190.640625,0.0
190.65625,0.00390625
190.671875,0.0078125
190.6875,0.0
190.703125,0.0078125
190.71875,0.0
190.734375,0.00390625
190.75,0.00390625
190.765625,0.00390625
190.78125,-0.00390625
190.796875,-0.00390625
190.8125,0.0078125
190.828125,0.00390625
190.84375,0.0
190.859375,0.00390625
190.875,0.00390625
190.890625,0.0
190.90625,0.00390625
190.921875,0.00390625
190.9375,0.00390625
190.953125,0.00390625
190.96875,0.00390625
190.984375,0.0
191.0,0.0078125
191.015625,0.0
191.03125,0.00390625
191.046875,0.00390625
191.0625,0.0
191.078125,0.0078125
191.09375,0.0078125
191.109375,0.00390625
191.125,0.0078125
191.140625,0.0
191.15625,0.0078125
191.171875,0.0
191.1875,0.0078125
191.203125,0.0
191.21875,0.00390625
191.234375,0.00390625
191.25,-0.00390625
191.265625,0.00390625
191.28125,0.00390625
191.296875,0.0
191.3125,0.0078125
191.328125,0.0
191.34375,0.00390625
191.359375,0.0
191.375,0.0
191.390625,0.00390625
191.40625,-0.00390625
191.421875,0.0078125
191.4375,0.0
191.453125,0.0078125
191.46875,0.00390625
191.484375,0.00390625
191.5,0.0
191.515625,0.0
191.53125,0.0078125
191.546875,0.00390625
191.5625,0.0
191.578125,0.00390625
191.59375,0.00390625
191.609375,0.00390625
191.625,0.00390625
191.640625,0.01171875
191.65625,0.0
191.671875,0.00390625
191.6875,0.00390625
191.703125,0.01171875
191.71875,0.00390625
191.734375,0.0078125
191.75,0.0
191.765625,0.0
191.78125,0.00390625
191.796875,0.0078125
191.8125,0.00390625
191.828125,0.00390625
191.84375,0.00390625
191.859375,0.0
191.875,0.0078125
191.890625,0.00390625
191.90625,0.00390625
191.921875,0.01171875
191.9375,-0.00390625
191.953125,0.00390625
191.96875,0.00390625
191.984375,0.0
192.0,0.00390625
192.015625,0.0
192.03125,0.00390625
192.046875,0.00390625
192.0625,0.00390625
192.078125,0.0
192.09375,0.0078125
192.109375,0.00390625
192.125,-0.00390625
192.140625,0.0078125
192.15625,0.0
192.171875,0.00390625
192.1875,0.00390625
192.203125,0.00390625
192.21875,0.00390625
192.234375,0.00390625
192.25,0.0
192.265625,0.0078125
192.28125,0.0
192.296875,0.0
192.3125,0.0
192.328125,0.0
192.34375,0.00390625
192.359375,0.00390625
192.375,0.0078125
192.390625,0.00390625
192.40625,0.00390625
192.421875,0.0078125
192.4375,0.0
192.453125,0.0078125
192.46875,0.0078125
192.484375,-0.00390625
192.5,0.00390625
192.515625,0.0
192.53125,0.00390625
192.546875,0.00390625
192.5625,0.00390625
192.578125,-0.00390625
192.59375,0.00390625
192.609375,0.0
192.625,0.00390625
192.640625,0.00390625
192.65625,0.00390625
192.671875,0.00390625
192.6875,0.0
192.703125,0.0078125
192.71875,0.00390625
192.734375,0.0
192.75,0.00390625
192.765625,-0.00390625
192.78125,0.00390625
192.796875,0.01171875
192.8125,0.0
192.828125,0.00390625
192.84375,0.0078125
192.859375,0.00390625
192.875,0.0
192.890625,0.00390625
192.90625,0.00390625
192.921875,-0.00390625
192.9375,0.00390625
192.953125,0.00390625
192.96875,0.0
192.984375,0.0078125
193.0,0.0
193.015625,0.00390625
193.03125,0.0078125
193.046875,0.00390625
193.0625,0.00390625
193.078125,-0.00390625
193.09375,0.00390625
193.109375,0.00390625
193.125,-0.00390625
193.140625,0.0078125
193.15625,0.00390625
193.171875,0.0
193.1875,0.0078125
193.203125,0.0
193.21875,0.0
193.234375,0.00390625
193.25,0.0
193.265625,0.0
193.28125,0.00390625
193.296875,0.00390625
193.3125,0.00390625
193.328125,0.0078125
193.34375,0.0
193.359375,0.00390625
193.375,0.0
193.390625,0.00390625
193.40625,0.01171875
193.421875,0.00390625
193.4375,0.0078125
193.453125,0.00390625
193.46875,0.00390625
193.484375,0.00390625
193.5,0.00390625
193.515625,-0.00390625
193.53125,0.01171875
193.546875,0.0
193.5625,0.00390625
193.578125,0.00390625
193.59375,0.00390625
193.609375,0.0
193.625,0.00390625
193.640625,0.00390625
193.65625,-0.00390625
193.671875,0.0
193.6875,0.00390625
193.703125,0.00390625
193.71875,0.0078125
193.734375,0.0
193.75,0.00390625
193.765625,-0.00390625
193.78125,0.00390625
193.796875,0.0
193.8125,0.00390625
193.828125,0.0
193.84375,0.00390625
193.859375,0.0
193.875,0.0
193.890625,0.0
193.90625,0.0078125
193.921875,-0.00390625
193.9375,0.0
193.953125,0.00390625
193.96875,0.0
193.984375,0.00390625
194.0,0.00390625
194.015625,0.0
194.03125,0.00390625
194.046875,0.0078125
194.0625,0.00390625
194.078125,0.0
194.09375,0.01171875
194.109375,0.00390625
194.125,0.00390625
194.140625,0.00390625
194.15625,0.0
194.171875,0.00390625
194.1875,0.0
194.203125,0.00390625
194.21875,0.00390625
194.234375,0.0
194.25,0.00390625
194.265625,0.0078125
194.28125,-0.00390625
194.296875,0.00390625
194.3125,0.0078125
194.328125,0.00390625
194.34375,0.00390625
194.359375,0.0
194.375,0.00390625
194.390625,0.0
194.40625,0.0078125
194.421875,-0.00390625
194.4375,0.00390625
194.453125,0.00390625
194.46875,0.00390625
194.484375,0.00390625
194.5,0.0
194.515625,0.0
194.53125,0.00390625
194.546875,0.0078125
194.5625,0.00390625
194.578125,-0.00390625
194.59375,0.01171875
194.609375,0.0
194.625,0.00390625
194.640625,0.0078125
194.65625,0.0
194.671875,0.0
194.6875,0.0
194.703125,0.00390625
194.71875,0.0
194.734375,0.0
194.75,0.0078125
194.765625,0.00390625
194.78125,0.0
194.796875,0.00390625
194.8125,0.0
194.828125,0.00390625
194.84375,0.0
194.859375,0.0
194.875,0.0
194.890625,0.00390625
194.90625,0.0
194.921875,0.0078125
194.9375,0.0078125
194.953125,0.00390625
194.96875,-0.00390625
194.984375,0.00390625
195.0,0.0078125
195.015625,0.00390625
195.03125,0.00390625
195.046875,0.0
195.0625,0.00390625
195.078125,0.00390625
195.09375,0.00390625
195.109375,0.0
195.125,0.0
195.140625,0.01171875
195.15625,-0.00390625
195.171875,0.0
195.1875,0.0078125
195.203125,0.0
195.21875,0.00390625
195.234375,-0.00390625
195.25,0.00390625
195.265625,0.0
195.28125,0.0
195.296875,0.0078125
195.3125,-0.0078125
195.328125,0.00390625
195.34375,0.00390625
195.359375,0.0
195.375,-0.0078125
195.390625,0.0078125
195.40625,0.0
195.421875,0.0
195.4375,0.00390625
195.453125,0.0
195.46875,0.00390625
195.484375,0.00390625
195.5,0.0
195.515625,-0.00390625
195.53125,0.0
195.546875,0.01171875
195.5625,0.00390625
195.578125,0.0
195.59375,0.0078125
195.609375,-0.00390625
195.625,0.0078125
195.640625,0.0
195.65625,0.0
195.671875,0.00390625
195.6875,0.0
195.703125,0.00390625
195.71875,0.0
195.734375,0.00390625
195.75,-0.00390625
195.765625,0.00390625
195.78125,0.00390625
195.796875,0.0
195.8125,0.0
195.828125,0.00390625
195.84375,-0.00390625
195.859375,0.00390625
195.875,0.00390625
195.890625,-0.00390625
195.90625,0.00390625
195.921875,0.0
195.9375,0.01171875
195.953125,-0.00390625
195.96875,0.0
195.984375,0.0078125
196.0,-0.0078125
196.015625,0.00390625
196.03125,0.0
196.046875,-0.00390625
196.0625,0.0
196.078125,0.0078125
196.09375,0.0
196.109375,-0.00390625
196.125,0.00390625
196.140625,0.00390625
196.15625,-0.00390625
196.171875,0.00390625
196.1875,0.0
196.203125,0.0
196.21875,0.00390625
196.234375,0.00390625
196.25,0.00390625
196.265625,-0.00390625
196.28125,0.0078125
196.296875,0.0
196.3125,0.0
196.328125,0.0
196.34375,0.0
196.359375,0.0
196.375,0.0
196.390625,0.00390625
196.40625,0.00390625
196.421875,-0.00390625
196.4375,0.00390625
196.453125,0.0078125
196.46875,0.00390625
196.484375,0.00390625
196.5,0.00390625
196.515625,0.0
196.53125,0.00390625
196.546875,0.00390625
196.5625,0.00390625
196.578125,0.00390625
196.59375,0.00390625
196.609375,0.0
196.625,0.00390625
196.640625,0.00390625
196.65625,0.00390625
196.671875,-0.00390625
196.6875,0.0078125
196.703125,0.0078125
196.71875,0.0
196.734375,0.00390625
196.75,0.00390625
196.765625,0.0
196.78125,0.00390625
196.796875,0.0
196.8125,0.00390625
196.828125,0.0
196.84375,0.0078125
196.859375,0.00390625
196.875,0.0
196.890625,0.00390625
196.90625,0.0
196.921875,0.0
196.9375,0.0078125
196.953125,0.0
196.96875,0.01171875
196.984375,-0.00390625
197.0,0.00390625
197.015625,0.00390625
197.03125,0.0
197.046875,0.0078125
197.0625,0.0
197.078125,0.00390625
197.09375,0.0078125
197.109375,0.0
197.125,0.00390625
197.140625,0.0
197.15625,0.01171875
197.171875,0.0
197.1875,0.00390625
197.203125,0.0078125
197.21875,0.0
197.234375,0.00390625
197.25,0.00390625
197.265625,-0.00390625
197.28125,0.00390625
197.296875,0.0
197.3125,0.0078125
197.328125,0.00390625
197.34375,-0.00390625
197.359375,0.0078125
197.375,0.00390625
197.390625,0.00390625
197.40625,0.0
197.421875,0.0078125
197.4375,0.00390625
197.453125,0.0
197.46875,0.0
197.484375,0.0
197.5,0.00390625
197.515625,0.0
197.53125,0.00390625
197.546875,0.0
197.5625,0.0
197.578125,0.0
197.59375,0.01171875
197.609375,-0.00390625
197.625,0.0
197.640625,0.0078125
197.65625,0.0
197.671875,0.00390625
197.6875,0.00390625
197.703125,0.00390625
197.71875,0.0
197.734375,0.0
197.75,-0.00390625
197.765625,0.00390625
197.78125,0.0078125
197.796875,0.0078125
197.8125,0.0
197.828125,0.0
197.84375,0.0
197.859375,0.0
197.875,0.00390625
197.890625,0.00390625
197.90625,-0.00390625
197.921875,0.0078125
197.9375,0.0
197.953125,0.0
197.96875,0.00390625
197.984375,0.00390625
198.0,0.00390625
198.015625,0.00390625
198.03125,0.0078125
198.046875,0.0078125
198.0625,0.00390625
198.078125,0.01171875
198.09375,0.0
198.109375,0.0
198.125,0.00390625
198.140625,0.00390625
198.15625,0.00390625
198.171875,-0.00390625
198.1875,0.00390625
198.203125,-0.00390625
198.21875,0.0078125
198.234375,0.0
198.25,0.00390625
198.265625,0.00390625
198.28125,0.00390625
198.296875,0.00390625
198.3125,0.0
198.328125,0.00390625
198.34375,-0.00390625
198.359375,0.0
198.375,0.00390625
198.390625,0.0
198.40625,0.00390625
198.421875,0.00390625
198.4375,0.00390625
198.453125,0.01171875
198.46875,0.00390625
198.484375,0.00390625
198.5,0.0
198.515625,0.0
198.53125,0.0078125
198.546875,0.00390625
198.5625,0.00390625
198.578125,0.00390625
198.59375,0.00390625
198.609375,0.00390625
198.625,0.0078125
198.640625,0.0
198.65625,0.00390625
198.671875,0.0
198.6875,0.00390625
198.703125,0.01171875
198.71875,0.00390625
198.734375,0.0078125
198.75,0.0
198.765625,0.00390625
198.78125,0.00390625
198.796875,0.0078125
198.8125,0.0
198.828125,0.00390625
198.84375,0.01171875
198.859375,0.00390625
198.875,-0.00390625
198.890625,0.0078125
198.90625,0.0078125
198.921875,0.0
198.9375,0.0078125
198.953125,0.00390625
198.96875,-0.00390625
198.984375,0.00390625
199.0,0.00390625
199.015625,0.00390625
199.03125,0.00390625
199.046875,0.0
199.0625,0.01171875
199.078125,0.00390625
199.09375,0.0078125
199.109375,0.0
199.125,0.0
199.140625,0.0078125
199.15625,0.0
199.171875,0.0
199.1875,0.00390625
199.203125,0.0
199.21875,0.0078125
199.234375,0.0
199.25,0.0
199.265625,0.00390625
199.28125,0.00390625
199.296875,0.0
199.3125,0.0
199.328125,0.0
199.34375,0.0078125
199.359375,0.0
199.375,0.0078125
199.390625,0.0
199.40625,0.0
199.421875,0.00390625
199.4375,0.0
199.453125,0.0078125
199.46875,0.0078125
199.484375,-0.00390625
199.5,0.0078125
199.515625,0.0
199.53125,0.00390625
199.546875,0.00390625
199.5625,0.00390625
199.578125,0.01171875
199.59375,0.00390625
199.609375,0.00390625
199.625,0.00390625
199.640625,0.0
199.65625,0.00390625
199.671875,0.0
199.6875,0.0078125
199.703125,0.00390625
199.71875,0.00390625
199.734375,0.00390625
199.75,0.0
199.765625,0.0078125
199.78125,0.00390625
199.796875,-0.00390625
199.8125,0.00390625
199.828125,0.00390625
199.84375,-0.00390625
199.859375,0.01171875
199.875,0.00390625
199.890625,0.00390625
199.90625,0.00390625
199.921875,0.01171875
199.9375,-0.00390625
199.953125,0.00390625
199.96875,-1.0234375
199.984375,1.51953125
